2008/01/01,87.77462222514134,87.77462222514134,87.57462222514135,87.67462222514135,4710539
2008/01/02,87.77462222514134,87.77462222514134,87.57462222514135,87.67462222514135,4710539
2008/01/03,87.17222110236347,87.17222110236347,86.97222110236348,87.07222110236347,4179539
2008/01/04,87.0707053358585,87.0707053358585,86.87070533585852,86.97070533585851,3447539
2008/01/05,87.0139349047693,87.0139349047693,86.81393490476931,86.9139349047693,3337539
2008/01/06,87.0139349047693,87.0139349047693,86.81393490476931,86.9139349047693,3337539
2008/01/07,87.0139349047693,87.0139349047693,86.81393490476931,86.9139349047693,3337539
2008/01/08,85.71562321272489,85.71562321272489,85.5156232127249,85.6156232127249,3271539
2008/01/09,86.62208287017006,86.62208287017006,86.42208287017007,86.52208287017007,4461539
2008/01/10,87.22353529915932,87.22353529915932,87.02353529915933,87.12353529915933,6150539
2008/01/11,87.25794516395757,87.25794516395757,87.05794516395758,87.15794516395758,6123539
2008/01/12,87.12668550283692,87.12668550283692,86.92668550283693,87.02668550283693,5151539
2008/01/13,87.12668550283692,87.12668550283692,86.92668550283693,87.02668550283693,5151539
2008/01/14,87.12668550283692,87.12668550283692,86.92668550283693,87.02668550283693,5151539
2008/01/15,87.08688283121062,87.08688283121062,86.88688283121063,86.98688283121062,4139039
2008/01/16,87.01183331117193,87.01183331117193,86.81183331117194,86.91183331117193,2996039
2008/01/17,87.25074189672213,87.25074189672213,87.05074189672214,87.15074189672214,3783039
2008/01/18,86.96998059957986,86.96998059957986,86.76998059957987,86.86998059957986,4061559
2008/01/19,87.04603063197793,87.04603063197793,86.84603063197794,86.94603063197793,4251559
2008/01/20,87.04603063197793,87.04603063197793,86.84603063197794,86.94603063197793,4251559
2008/01/21,87.04603063197793,87.04603063197793,86.84603063197794,86.94603063197793,4251559
2008/01/22,86.82022583956162,86.82022583956162,86.62022583956163,86.72022583956162,4659559
2008/01/23,85.62265013789252,85.62265013789252,85.42265013789253,85.52265013789253,4873559
2008/01/24,85.47430743532526,85.47430743532526,85.27430743532527,85.37430743532526,4542559
2008/01/25,83.90590810406637,83.90590810406637,83.70590810406638,83.80590810406638,2884559
2008/01/26,83.66125465048366,83.66125465048366,83.46125465048367,83.56125465048366,2982559
2008/01/27,83.66125465048366,83.66125465048366,83.46125465048367,83.56125465048366,2982559
2008/01/28,83.66125465048366,83.66125465048366,83.46125465048367,83.56125465048366,2982559
2008/01/29,83.77370247699773,83.77370247699773,83.57370247699774,83.67370247699773,3479559
2008/01/30,83.70177604887658,83.70177604887658,83.5017760488766,83.60177604887659,3293559
2008/01/31,84.04976373649728,84.04976373649728,83.8497637364973,83.94976373649729,3617559
2008/02/01,84.83943566297368,84.83943566297368,84.6394356629737,84.73943566297369,4285559
2008/02/02,84.1791960590987,84.1791960590987,83.97919605909871,84.0791960590987,3352559
2008/02/03,84.1791960590987,84.1791960590987,83.97919605909871,84.0791960590987,3352559
2008/02/04,84.1791960590987,84.1791960590987,83.97919605909871,84.0791960590987,3352559
2008/02/05,84.1791960590987,84.1791960590987,83.97919605909871,84.0791960590987,3352559
2008/02/06,84.1791960590987,84.1791960590987,83.97919605909871,84.0791960590987,3352559
2008/02/07,84.1791960590987,84.1791960590987,83.97919605909871,84.0791960590987,3352559
2008/02/08,84.1791960590987,84.1791960590987,83.97919605909871,84.0791960590987,3352559
2008/02/09,84.1791960590987,84.1791960590987,83.97919605909871,84.0791960590987,3352559
2008/02/10,84.1791960590987,84.1791960590987,83.97919605909871,84.0791960590987,3352559
2008/02/11,84.1791960590987,84.1791960590987,83.97919605909871,84.0791960590987,3352559
2008/02/12,84.1791960590987,84.1791960590987,83.97919605909871,84.0791960590987,3352559
2008/02/13,83.23329620843855,83.23329620843855,83.03329620843856,83.13329620843855,2814559
2008/02/14,82.66665381064826,82.66665381064826,82.46665381064827,82.56665381064826,3091559
2008/02/15,83.41280228824183,83.41280228824183,83.21280228824185,83.31280228824184,3626559
2008/02/16,83.76915682560343,83.76915682560343,83.56915682560344,83.66915682560344,3478559
2008/02/17,83.76915682560343,83.76915682560343,83.56915682560344,83.66915682560344,3478559
2008/02/18,83.76915682560343,83.76915682560343,83.56915682560344,83.66915682560344,3478559
2008/02/19,82.84397326942184,82.84397326942184,82.64397326942185,82.74397326942184,3229559
2008/02/20,83.13521856490871,83.13521856490871,82.93521856490872,83.03521856490872,3329559
2008/02/21,83.25022536090147,83.25022536090147,83.05022536090148,83.15022536090147,3338559
2008/02/22,82.30870025352172,82.30870025352172,82.10870025352173,82.20870025352173,2137559
2008/02/23,82.05038083355618,82.05038083355618,81.85038083355619,81.95038083355618,1630559
2008/02/24,82.05038083355618,82.05038083355618,81.85038083355619,81.95038083355618,1630559
2008/02/25,82.05038083355618,82.05038083355618,81.85038083355619,81.95038083355618,1630559
2008/02/26,80.77340524073257,80.77340524073257,80.57340524073258,80.67340524073258,2179948
2008/02/27,77.40708314183142,77.40708314183142,77.20708314183143,77.30708314183143,3250316
2008/02/28,77.12747735659929,77.12747735659929,76.9274773565993,77.02747735659929,4408555
2008/02/29,77.12747735659929,77.12747735659929,76.9274773565993,77.02747735659929,4408555
2008/03/01,77.03650042806392,77.03650042806392,76.83650042806393,76.93650042806392,4333555
2008/03/02,77.03650042806392,77.03650042806392,76.83650042806393,76.93650042806392,4333555
2008/03/03,77.03650042806392,77.03650042806392,76.83650042806393,76.93650042806392,4333555
2008/03/04,76.99663082106011,76.99663082106011,76.79663082106012,76.89663082106011,4061242
2008/03/05,76.44661679934961,76.44661679934961,76.24661679934962,76.34661679934962,3205242
2008/03/06,76.46581959707547,76.46581959707547,76.26581959707548,76.36581959707547,2745610
2008/03/07,75.79247438232734,75.79247438232734,75.59247438232735,75.69247438232735,2321628
2008/03/08,76.05310384364692,76.05310384364692,75.85310384364693,75.95310384364693,2069628
2008/03/09,76.05310384364692,76.05310384364692,75.85310384364693,75.95310384364693,2069628
2008/03/10,76.05310384364692,76.05310384364692,75.85310384364693,75.95310384364693,2069628
2008/03/11,76.46105350260338,76.46105350260338,76.26105350260339,76.36105350260338,2305581
2008/03/12,76.9304402187273,76.9304402187273,76.73044021872731,76.8304402187273,2676581
2008/03/13,76.54503985244477,76.54503985244477,76.34503985244478,76.44503985244478,2128195
2008/03/14,76.32972355370154,76.32972355370154,76.12972355370155,76.22972355370155,1853195
2008/03/15,75.61707464377368,75.61707464377368,75.41707464377369,75.51707464377368,1710195
2008/03/16,75.61707464377368,75.61707464377368,75.41707464377369,75.51707464377368,1710195
2008/03/17,75.61707464377368,75.61707464377368,75.41707464377369,75.51707464377368,1710195
2008/03/18,74.97573199008157,74.97573199008157,74.77573199008158,74.87573199008158,204195
2008/03/19,73.87288014687259,74.07288014687258,73.87288014687259,73.97288014687258,1237805
2008/03/20,73.07712765325438,73.27712765325437,73.07712765325438,73.17712765325437,1008805
2008/03/21,74.69487954754715,74.89487954754713,74.69487954754715,74.79487954754714,1609805
2008/03/22,74.53876223692885,74.73876223692884,74.53876223692885,74.63876223692884,1847805
2008/03/23,74.53876223692885,74.73876223692884,74.53876223692885,74.63876223692884,1847805
2008/03/24,74.53876223692885,74.73876223692884,74.53876223692885,74.63876223692884,1847805
2008/03/25,76.15077595719559,76.35077595719558,76.15077595719559,76.25077595719559,2243805
2008/03/26,76.02654048065895,76.22654048065894,76.02654048065895,76.12654048065895,2131805
2008/03/27,76.17967988880876,76.37967988880875,76.17967988880876,76.27967988880876,2029805
2008/03/28,76.14037077484149,76.34037077484147,76.14037077484149,76.24037077484148,1679805
2008/03/29,76.36432260370088,76.56432260370087,76.36432260370088,76.46432260370088,2331638
2008/03/30,76.36432260370088,76.56432260370087,76.36432260370088,76.46432260370088,2331638
2008/03/31,76.36432260370088,76.56432260370087,76.36432260370088,76.46432260370088,2331638
2008/04/01,76.4172289836462,76.61722898364619,76.4172289836462,76.51722898364619,2128998
2008/04/02,77.06499516524012,77.26499516524011,77.06499516524012,77.16499516524011,2484998
2008/04/03,76.78008322344668,76.98008322344667,76.78008322344668,76.88008322344668,2816998
2008/04/04,76.03064014446969,76.23064014446967,76.03064014446969,76.13064014446968,2260998
2008/04/05,76.03064014446969,76.23064014446967,76.03064014446969,76.13064014446968,2260998
2008/04/06,76.03064014446969,76.23064014446967,76.03064014446969,76.13064014446968,2260998
2008/04/07,76.03064014446969,76.23064014446967,76.03064014446969,76.13064014446968,2260998
2008/04/08,75.78814212131468,75.98814212131467,75.78814212131468,75.88814212131467,2749998
2008/04/09,75.88297597428362,76.08297597428361,75.88297597428362,75.98297597428362,2897998
2008/04/10,76.82470071662941,77.0247007166294,76.82470071662941,76.9247007166294,3121998
2008/04/11,75.86155443328641,76.0615544332864,75.86155443328641,75.96155443328641,1445998
2008/04/12,76.52459034600663,76.72459034600662,76.52459034600663,76.62459034600663,1526998
2008/04/13,76.52459034600663,76.72459034600662,76.52459034600663,76.62459034600663,1526998
2008/04/14,76.52459034600663,76.72459034600662,76.52459034600663,76.62459034600663,1526998
2008/04/15,76.81775871446108,77.01775871446107,76.81775871446108,76.91775871446107,1758586
2008/04/16,76.31217987008117,76.51217987008116,76.31217987008117,76.41217987008116,1042586
2008/04/17,75.87501397726496,76.07501397726494,75.87501397726496,75.97501397726495,596586
2008/04/18,75.8211768914781,76.02117689147809,75.8211768914781,75.9211768914781,156586
2008/04/19,75.8226139083081,76.02261390830809,75.8226139083081,75.9226139083081,143586
2008/04/20,75.8226139083081,76.02261390830809,75.8226139083081,75.9226139083081,143586
2008/04/21,75.8226139083081,76.02261390830809,75.8226139083081,75.9226139083081,143586
2008/04/22,76.24125398888742,76.24125398888742,76.04125398888743,76.14125398888743,156414
2008/04/23,76.30849430563268,76.50849430563267,76.30849430563268,76.40849430563267,471586
2008/04/24,76.47874051995352,76.67874051995351,76.47874051995352,76.57874051995351,1207586
2008/04/25,76.45584808711645,76.65584808711644,76.45584808711645,76.55584808711644,1004586
2008/04/26,76.16209692980739,76.36209692980738,76.16209692980739,76.26209692980738,1138586
2008/04/27,76.16209692980739,76.36209692980738,76.16209692980739,76.26209692980738,1138586
2008/04/28,76.16209692980739,76.36209692980738,76.16209692980739,76.26209692980738,1138586
2008/04/29,75.75611872849323,75.95611872849322,75.75611872849323,75.85611872849323,1668586
2008/04/30,75.93399639192128,76.13399639192127,75.93399639192128,76.03399639192128,2391586
2008/05/01,75.86990909135665,76.06990909135664,75.86990909135665,75.96990909135664,2121586
2008/05/02,75.86990909135665,76.06990909135664,75.86990909135665,75.96990909135664,2121586
2008/05/03,75.47591446277796,75.67591446277795,75.47591446277796,75.57591446277796,2397586
2008/05/04,75.47591446277796,75.67591446277795,75.47591446277796,75.57591446277796,2397586
2008/05/05,75.47591446277796,75.67591446277795,75.47591446277796,75.57591446277796,2397586
2008/05/06,74.70872262886388,74.90872262886387,74.70872262886388,74.80872262886388,1787586
2008/05/07,73.45866157759704,73.65866157759703,73.45866157759704,73.55866157759704,1429586
2008/05/08,73.68327475091469,73.88327475091468,73.68327475091469,73.78327475091469,1699586
2008/05/09,73.6090069403561,73.80900694035608,73.6090069403561,73.70900694035609,1565586
2008/05/10,73.56734527795456,73.76734527795455,73.56734527795456,73.66734527795455,1757626
2008/05/11,73.56734527795456,73.76734527795455,73.56734527795456,73.66734527795455,1757626
2008/05/12,73.56734527795456,73.76734527795455,73.56734527795456,73.66734527795455,1757626
2008/05/13,73.32151483607878,73.52151483607877,73.32151483607878,73.42151483607877,2623626
2008/05/14,73.2942322564424,73.49423225644239,73.2942322564424,73.3942322564424,2809638
2008/05/15,73.09704172279824,73.29704172279823,73.09704172279824,73.19704172279823,2633137
2008/05/16,73.493379222865,73.69337922286499,73.493379222865,73.593379222865,3035137
2008/05/17,73.39773280623413,73.59773280623412,73.39773280623413,73.49773280623413,2966137
2008/05/18,73.39773280623413,73.59773280623412,73.39773280623413,73.49773280623413,2966137
2008/05/19,73.39773280623413,73.59773280623412,73.39773280623413,73.49773280623413,2966137
2008/05/20,73.66989642519863,73.86989642519862,73.66989642519863,73.76989642519862,3200137
2008/05/21,72.93514009562949,73.13514009562948,72.93514009562949,73.03514009562949,2284137
2008/05/22,72.89056454881977,73.09056454881976,72.89056454881977,72.99056454881976,2225137
2008/05/23,73.48369263623509,73.68369263623508,73.48369263623509,73.58369263623509,2808137
2008/05/24,73.63278631240787,73.83278631240786,73.63278631240787,73.73278631240787,2983137
2008/05/25,73.63278631240787,73.83278631240786,73.63278631240787,73.73278631240787,2983137
2008/05/26,73.63278631240787,73.83278631240786,73.63278631240787,73.73278631240787,2983137
2008/05/27,73.75667808212778,73.95667808212777,73.75667808212778,73.85667808212777,3533137
2008/05/28,73.39372860510854,73.59372860510852,73.39372860510854,73.49372860510853,3187137
2008/05/29,73.2065424814373,73.40654248143728,73.2065424814373,73.30654248143729,3014137
2008/05/30,72.40992365883189,72.60992365883187,72.40992365883189,72.50992365883188,2147637
2008/05/31,71.85054708226795,72.05054708226794,71.85054708226795,71.95054708226795,1562637
2008/06/01,71.85054708226795,72.05054708226794,71.85054708226795,71.95054708226795,1562637
2008/06/02,71.85054708226795,72.05054708226794,71.85054708226795,71.95054708226795,1562637
2008/06/03,71.82479438437743,72.02479438437742,71.82479438437743,71.92479438437742,2036637
2008/06/04,72.23475516773078,72.43475516773077,72.23475516773078,72.33475516773078,2721157
2008/06/05,72.17353444242332,72.3735344424233,72.17353444242332,72.27353444242331,2706157
2008/06/06,72.04458360912494,72.24458360912493,72.04458360912494,72.14458360912494,3503157
2008/06/07,72.4284261665747,72.62842616657468,72.4284261665747,72.52842616657469,3957157
2008/06/08,72.4284261665747,72.62842616657468,72.4284261665747,72.52842616657469,3957157
2008/06/09,72.4284261665747,72.62842616657468,72.4284261665747,72.52842616657469,3957157
2008/06/10,72.3461244466754,72.54612444667539,72.3461244466754,72.4461244466754,3912157
2008/06/11,72.40419504583359,72.60419504583358,72.40419504583359,72.50419504583358,3912157
2008/06/12,72.41419484556035,72.61419484556033,72.41419484556035,72.51419484556034,4150157
2008/06/13,72.23802030949727,72.43802030949726,72.23802030949727,72.33802030949727,4640157
2008/06/14,72.14442763648972,72.34442763648971,72.14442763648972,72.24442763648972,4361157
2008/06/15,72.14442763648972,72.34442763648971,72.14442763648972,72.24442763648972,4361157
2008/06/16,72.14442763648972,72.34442763648971,72.14442763648972,72.24442763648972,4361157
2008/06/17,72.10731839278081,72.3073183927808,72.10731839278081,72.2073183927808,4389157
2008/06/18,71.87080157023641,72.0708015702364,71.87080157023641,71.9708015702364,4318157
2008/06/19,71.65858088436258,71.85858088436257,71.65858088436258,71.75858088436257,4492157
2008/06/20,71.69121661867149,71.89121661867148,71.69121661867149,71.79121661867148,4556157
2008/06/21,71.78456030710731,71.9845603071073,71.78456030710731,71.88456030710731,4622157
2008/06/22,71.78456030710731,71.9845603071073,71.78456030710731,71.88456030710731,4622157
2008/06/23,71.78456030710731,71.9845603071073,71.78456030710731,71.88456030710731,4622157
2008/06/24,71.19955175213154,71.39955175213153,71.19955175213154,71.29955175213153,5144157
2008/06/25,70.76322263702436,70.96322263702434,70.76322263702436,70.86322263702435,4857157
2008/06/26,70.31698697310064,70.51698697310063,70.31698697310064,70.41698697310063,5799157
2008/06/27,70.12283866727638,70.32283866727637,70.12283866727638,70.22283866727638,5930157
2008/06/28,69.87124932744962,70.0712493274496,69.87124932744962,69.97124932744961,6086157
2008/06/29,69.87124932744962,70.0712493274496,69.87124932744962,69.97124932744961,6086157
2008/06/30,69.87124932744962,70.0712493274496,69.87124932744962,69.97124932744961,6086157
2008/07/01,69.25673970761687,69.45673970761686,69.25673970761687,69.35673970761687,6047157
2008/07/02,68.03977314419335,68.23977314419334,68.03977314419335,68.13977314419334,6986096
2008/07/03,67.81880833283792,68.0188083328379,67.81880833283792,67.91880833283791,7674485
2008/07/04,68.88881055770207,69.08881055770206,68.88881055770207,68.98881055770207,8437853
2008/07/05,69.56853243185517,69.76853243185516,69.56853243185517,69.66853243185517,9335092
2008/07/06,69.56853243185517,69.76853243185516,69.56853243185517,69.66853243185517,9335092
2008/07/07,69.56853243185517,69.76853243185516,69.56853243185517,69.66853243185517,9335092
2008/07/08,69.55597134753533,69.75597134753532,69.55597134753533,69.65597134753533,9270092
2008/07/09,69.39398209999807,69.59398209999806,69.39398209999807,69.49398209999806,8799779
2008/07/10,68.14496924557844,68.34496924557843,68.14496924557844,68.24496924557843,8770779
2008/07/11,67.23915078958524,67.43915078958523,67.23915078958524,67.33915078958523,8624147
2008/07/12,67.2022475462552,67.40224754625518,67.2022475462552,67.30224754625519,8354165
2008/07/13,67.2022475462552,67.40224754625518,67.2022475462552,67.30224754625519,8354165
2008/07/14,67.2022475462552,67.40224754625518,67.2022475462552,67.30224754625519,8354165
2008/07/15,66.77259801426193,66.97259801426192,66.77259801426193,66.87259801426192,8015165
2008/07/16,66.57605469862261,66.7760546986226,66.57605469862261,66.67605469862261,8128118
2008/07/17,66.64477876638539,66.84477876638537,66.64477876638539,66.74477876638538,8242327
2008/07/18,66.39095409779068,66.59095409779067,66.39095409779068,66.49095409779068,7915331
2008/07/19,66.26288012982653,66.46288012982652,66.26288012982653,66.36288012982652,7722331
2008/07/20,66.26288012982653,66.46288012982652,66.26288012982653,66.36288012982652,7722331
2008/07/21,66.26288012982653,66.46288012982652,66.26288012982653,66.36288012982652,7722331
2008/07/22,65.58423682021933,65.78423682021932,65.58423682021933,65.68423682021933,8420331
2008/07/23,63.71640799966648,63.91640799966648,63.71640799966648,63.81640799966648,8533331
2008/07/24,62.554129140225605,62.75412914022561,62.554129140225605,62.654129140225606,8795331
2008/07/25,62.32702943345156,62.52702943345156,62.32702943345156,62.42702943345156,8954331
2008/07/26,61.64244927031837,61.842449270318376,61.64244927031837,61.742449270318374,8698331
2008/07/27,61.64244927031837,61.842449270318376,61.64244927031837,61.742449270318374,8698331
2008/07/28,61.64244927031837,61.842449270318376,61.64244927031837,61.742449270318374,8698331
2008/07/29,61.64244927031837,61.842449270318376,61.64244927031837,61.742449270318374,8698331
2008/07/30,61.2276024077043,61.427602407704306,61.2276024077043,61.327602407704305,8757331
2008/07/31,60.92624818055964,61.12624818055964,60.92624818055964,61.02624818055964,8445331
2008/08/01,61.05866586508633,61.258665865086336,61.05866586508633,61.158665865086334,8821331
2008/08/02,60.85934184793904,61.059341847939045,60.85934184793904,60.959341847939044,9039331
2008/08/03,60.85934184793904,61.059341847939045,60.85934184793904,60.959341847939044,9039331
2008/08/04,60.85934184793904,61.059341847939045,60.85934184793904,60.959341847939044,9039331
2008/08/05,60.73138090296629,60.931380902966296,60.73138090296629,60.831380902966295,9436331
2008/08/06,59.73683122948657,59.93683122948657,59.73683122948657,59.83683122948657,9818498
2008/08/07,59.621161569867766,59.82116156986777,59.621161569867766,59.72116156986777,10555138
2008/08/08,59.69556550872442,59.895565508724424,59.69556550872442,59.79556550872442,10731138
2008/08/09,59.14766709535666,59.34766709535666,59.14766709535666,59.24766709535666,10696138
2008/08/10,59.14766709535666,59.34766709535666,59.14766709535666,59.24766709535666,10696138
2008/08/11,59.14766709535666,59.34766709535666,59.14766709535666,59.24766709535666,10696138
2008/08/12,58.99818742501264,59.19818742501264,58.99818742501264,59.09818742501264,10482138
2008/08/13,58.60140324378508,58.80140324378508,58.60140324378508,58.70140324378508,9823138
2008/08/14,58.47424669501038,58.67424669501038,58.47424669501038,58.57424669501038,9898138
2008/08/15,58.932669769128935,59.13266976912894,58.932669769128935,59.03266976912894,10721138
2008/08/16,59.79619078971211,59.99619078971211,59.79619078971211,59.89619078971211,11582138
2008/08/17,59.79619078971211,59.99619078971211,59.79619078971211,59.89619078971211,11582138
2008/08/18,59.79619078971211,59.99619078971211,59.79619078971211,59.89619078971211,11582138
2008/08/19,60.272817764517555,60.47281776451756,60.272817764517555,60.372817764517556,11745138
2008/08/20,60.34707921164302,60.54707921164302,60.34707921164302,60.44707921164302,11686604
2008/08/21,60.37951994210146,60.57951994210146,60.37951994210146,60.47951994210146,11595604
2008/08/22,60.600942857715175,60.80094285771518,60.600942857715175,60.70094285771518,11302604
2008/08/23,60.79026852925707,60.99026852925707,60.79026852925707,60.89026852925707,11117604
2008/08/24,60.79026852925707,60.99026852925707,60.79026852925707,60.89026852925707,11117604
2008/08/25,60.79026852925707,60.99026852925707,60.79026852925707,60.89026852925707,11117604
2008/08/26,60.803877387358966,61.00387738735897,60.803877387358966,60.90387738735897,11112604
2008/08/27,60.87511876351884,61.075118763518844,60.87511876351884,60.97511876351884,11144604
2008/08/28,60.78888228245147,60.98888228245147,60.78888228245147,60.88888228245147,11308604
2008/08/29,60.58729842263825,60.78729842263825,60.58729842263825,60.68729842263825,11168604
2008/08/30,60.61209139388567,60.81209139388567,60.61209139388567,60.71209139388567,11327604
2008/08/31,60.61209139388567,60.81209139388567,60.61209139388567,60.71209139388567,11327604
2008/09/01,60.61209139388567,60.81209139388567,60.61209139388567,60.71209139388567,11327604
2008/09/02,60.12766579417535,60.32766579417535,60.12766579417535,60.22766579417535,11525555
2008/09/03,59.629633072517606,59.82963307251761,59.629633072517606,59.72963307251761,11177555
2008/09/04,59.24579892804402,59.44579892804402,59.24579892804402,59.34579892804402,11273547
2008/09/05,59.139605900798216,59.33960590079822,59.139605900798216,59.23960590079822,11651547
2008/09/06,58.72413843685303,58.924138436853035,58.72413843685303,58.82413843685303,11572547
2008/09/07,58.72413843685303,58.924138436853035,58.72413843685303,58.82413843685303,11572547
2008/09/08,58.72413843685303,58.924138436853035,58.72413843685303,58.82413843685303,11572547
2008/09/09,58.505749400792844,58.70574940079285,58.505749400792844,58.605749400792845,11646547
2008/09/10,57.905885357165616,58.10588535716562,57.905885357165616,58.00588535716562,11795427
2008/09/11,57.665948581978654,57.86594858197866,57.665948581978654,57.765948581978655,11908427
2008/09/12,57.627789044569674,57.82778904456968,57.627789044569674,57.727789044569676,12103427
2008/09/13,57.10459029598769,57.304590295987694,57.10459029598769,57.20459029598769,12430427
2008/09/14,57.10459029598769,57.304590295987694,57.10459029598769,57.20459029598769,12430427
2008/09/15,57.10459029598769,57.304590295987694,57.10459029598769,57.20459029598769,12430427
2008/09/16,56.47555054114554,56.67555054114554,56.47555054114554,56.57555054114554,11510427
2008/09/17,56.06612084830917,56.26612084830917,56.06612084830917,56.16612084830917,11540415
2008/09/18,56.06724174188068,56.26724174188068,56.06724174188068,56.16724174188068,11037415
2008/09/19,55.76256338240375,55.96256338240375,55.76256338240375,55.86256338240375,11186415
2008/09/20,55.74176113722111,55.941761137221114,55.74176113722111,55.84176113722111,10895157
2008/09/21,55.74176113722111,55.941761137221114,55.74176113722111,55.84176113722111,10895157
2008/09/22,55.74176113722111,55.941761137221114,55.74176113722111,55.84176113722111,10895157
2008/09/23,55.667632146964884,55.86763214696489,55.667632146964884,55.767632146964885,10521157
2008/09/24,56.01642041998738,56.21642041998738,56.01642041998738,56.11642041998738,10833157
2008/09/25,55.845234815442346,56.04523481544235,55.845234815442346,55.94523481544235,11134157
2008/09/26,55.664312754471716,55.86431275447172,55.664312754471716,55.76431275447172,11277157
2008/09/27,55.602602049744,55.802602049744,55.602602049744,55.702602049744,10427157
2008/09/28,55.602602049744,55.802602049744,55.602602049744,55.702602049744,10427157
2008/09/29,55.602602049744,55.802602049744,55.602602049744,55.702602049744,10427157
2008/09/30,55.602602049744,55.802602049744,55.602602049744,55.702602049744,10427157
2008/10/01,55.32908045760679,55.529080457606796,55.32908045760679,55.429080457606794,10113157
2008/10/02,55.304258132404925,55.50425813240493,55.304258132404925,55.40425813240493,9955157
2008/10/03,55.20213776817517,55.40213776817517,55.20213776817517,55.30213776817517,10056669
2008/10/04,55.04184440724565,55.24184440724565,55.04184440724565,55.14184440724565,10224669
2008/10/05,55.04184440724565,55.24184440724565,55.04184440724565,55.14184440724565,10224669
2008/10/06,55.04184440724565,55.24184440724565,55.04184440724565,55.14184440724565,10224669
2008/10/07,54.58203644066358,54.78203644066358,54.58203644066358,54.68203644066358,9963873
2008/10/08,54.31669355084765,54.516693550847656,54.31669355084765,54.416693550847654,10091873
2008/10/09,54.2827378685305,54.482737868530506,54.2827378685305,54.382737868530505,9717873
2008/10/10,53.98156982412789,54.18156982412789,53.98156982412789,54.08156982412789,9906873
2008/10/11,53.98156982412789,54.18156982412789,53.98156982412789,54.08156982412789,9906873
2008/10/12,53.98156982412789,54.18156982412789,53.98156982412789,54.08156982412789,9906873
2008/10/13,53.98156982412789,54.18156982412789,53.98156982412789,54.08156982412789,9906873
2008/10/14,53.12870775715054,53.328707757150546,53.12870775715054,53.228707757150545,9545873
2008/10/15,52.94416196000423,53.14416196000423,52.94416196000423,53.04416196000423,9857873
2008/10/16,52.921754762755995,53.121754762756,52.921754762755995,53.021754762756,9438981
2008/10/17,52.97242108281294,53.172421082812946,52.97242108281294,53.072421082812944,9398231
2008/10/18,52.80420960363042,53.00420960363042,52.80420960363042,52.90420960363042,9301231
2008/10/19,52.80420960363042,53.00420960363042,52.80420960363042,52.90420960363042,9301231
2008/10/20,52.80420960363042,53.00420960363042,52.80420960363042,52.90420960363042,9301231
2008/10/21,52.38290875087509,52.58290875087509,52.38290875087509,52.48290875087509,8946804
2008/10/22,52.35565341556407,52.55565341556407,52.35565341556407,52.45565341556407,9363804
2008/10/23,52.30722560310861,52.507225603108616,52.30722560310861,52.407225603108614,9299804
2008/10/24,52.04842823482942,52.248428234829426,52.04842823482942,52.148428234829424,9291111
2008/10/25,51.63319141199683,51.833191411996836,51.63319141199683,51.733191411996835,8900917
2008/10/26,51.63319141199683,51.833191411996836,51.63319141199683,51.733191411996835,8900917
2008/10/27,51.63319141199683,51.833191411996836,51.63319141199683,51.733191411996835,8900917
2008/10/28,51.61976233286158,51.819762332861586,51.61976233286158,51.719762332861585,8737541
2008/10/29,51.38556568489841,51.58556568489841,51.38556568489841,51.48556568489841,9020661
2008/10/30,50.36940975309845,50.569409753098455,50.36940975309845,50.469409753098454,8811661
2008/10/31,50.00785254163917,50.20785254163917,50.00785254163917,50.10785254163917,8800661
2008/11/01,48.93222941069094,49.03222941069093,48.93222941069094,48.982229410690934,8428661
2008/11/02,48.93222941069094,49.03222941069093,48.93222941069094,48.982229410690934,8428661
2008/11/03,48.93222941069094,49.03222941069093,48.93222941069094,48.982229410690934,8428661
2008/11/04,48.58221893024614,48.68221893024614,48.58221893024614,48.63221893024614,8359661
2008/11/05,48.326080853784795,48.42608085378479,48.326080853784795,48.37608085378479,8178661
2008/11/06,47.89814488325649,47.99814488325649,47.89814488325649,47.94814488325649,7806661
2008/11/07,46.92523758518589,47.025237585185884,46.92523758518589,46.97523758518589,6621722
2008/11/08,46.74570891664363,46.84570891664362,46.74570891664363,46.795708916643626,6303448
2008/11/09,46.74570891664363,46.84570891664362,46.74570891664363,46.795708916643626,6303448
2008/11/10,46.74570891664363,46.84570891664362,46.74570891664363,46.795708916643626,6303448
2008/11/11,47.106249528777035,47.20624952877703,47.106249528777035,47.15624952877703,7116952
2008/11/12,46.94617807854883,47.04617807854883,46.94617807854883,46.99617807854883,7484952
2008/11/13,46.97446812775257,47.07446812775257,46.97446812775257,47.02446812775257,7325952
2008/11/14,47.03135054448221,47.1313505444822,47.03135054448221,47.081350544482206,7681590
2008/11/15,46.71895920717794,46.81895920717793,46.71895920717794,46.768959207177936,7172590
2008/11/16,46.71895920717794,46.81895920717793,46.71895920717794,46.768959207177936,7172590
2008/11/17,46.71895920717794,46.81895920717793,46.71895920717794,46.768959207177936,7172590
2008/11/18,46.4914266165194,46.59142661651939,46.4914266165194,46.541426616519395,6920157
2008/11/19,46.48575448570321,46.585754485703205,46.48575448570321,46.53575448570321,7395157
2008/11/20,46.45128455487177,46.55128455487176,46.45128455487177,46.501284554871766,7297157
2008/11/21,46.06050359398649,46.16050359398648,46.06050359398649,46.110503593986486,7654157
2008/11/22,45.67899394106981,45.77899394106981,45.67899394106981,45.72899394106981,8021948
2008/11/23,45.67899394106981,45.77899394106981,45.67899394106981,45.72899394106981,8021948
2008/11/24,45.67899394106981,45.77899394106981,45.67899394106981,45.72899394106981,8021948
2008/11/25,45.36144094218665,45.46144094218664,45.36144094218665,45.411440942186644,8375558
2008/11/26,45.06453993526259,45.16453993526258,45.06453993526259,45.114539935262584,8817558
2008/11/27,44.74886344233938,44.84886344233937,44.74886344233938,44.798863442339375,8387558
2008/11/28,44.204237189665875,44.30423718966587,44.204237189665875,44.25423718966587,7202558
2008/11/29,43.164111538307914,43.26411153830791,43.164111538307914,43.21411153830791,7108558
2008/11/30,43.164111538307914,43.26411153830791,43.164111538307914,43.21411153830791,7108558
2008/12/01,43.164111538307914,43.26411153830791,43.164111538307914,43.21411153830791,7108558
2008/12/02,42.99372258742453,43.09372258742452,42.99372258742453,43.043722587424526,6877558
2008/12/03,42.82581925410896,42.92581925410895,42.82581925410896,42.875819254108954,6614558
2008/12/04,42.63309039896187,42.73309039896186,42.63309039896187,42.683090398961866,6286558
2008/12/05,42.618981879328445,42.71898187932844,42.618981879328445,42.66898187932844,6429558
2008/12/06,42.46122554347725,42.56122554347724,42.46122554347725,42.511225543477245,6334558
2008/12/07,42.46122554347725,42.56122554347724,42.46122554347725,42.511225543477245,6334558
2008/12/08,42.46122554347725,42.56122554347724,42.46122554347725,42.511225543477245,6334558
2008/12/09,42.12097730237403,42.220977302374024,42.12097730237403,42.17097730237403,6421534
2008/12/10,41.740700218859736,41.84070021885973,41.740700218859736,41.79070021885973,6643534
2008/12/11,41.153040044808684,41.25304004480868,41.153040044808684,41.20304004480868,6038534
2008/12/12,40.75784603105783,40.857846031057825,40.75784603105783,40.80784603105783,5586534
2008/12/13,40.71668306149675,40.81668306149675,40.71668306149675,40.76668306149675,4977534
2008/12/14,40.71668306149675,40.81668306149675,40.71668306149675,40.76668306149675,4977534
2008/12/15,40.71668306149675,40.81668306149675,40.71668306149675,40.76668306149675,4977534
2008/12/16,40.44520988941644,40.545209889416434,40.44520988941644,40.49520988941644,4929534
2008/12/17,40.50642873143718,40.60642873143718,40.50642873143718,40.55642873143718,4727534
2008/12/18,40.732903192951014,40.83290319295101,40.732903192951014,40.78290319295101,4539534
2008/12/19,40.65156053069916,40.75156053069915,40.65156053069916,40.701560530699155,4381534
2008/12/20,40.44050503971524,40.540505039715235,40.44050503971524,40.49050503971524,4179534
2008/12/21,40.44050503971524,40.540505039715235,40.44050503971524,40.49050503971524,4179534
2008/12/22,40.44050503971524,40.540505039715235,40.44050503971524,40.49050503971524,4179534
2008/12/23,40.388456093908836,40.48845609390883,40.388456093908836,40.43845609390883,4251534
2008/12/24,40.63749162165098,40.737491621650975,40.63749162165098,40.68749162165098,4475534
2008/12/25,40.756983424027204,40.8569834240272,40.756983424027204,40.8069834240272,4571480
2008/12/26,40.83472728348584,40.934727283485834,40.83472728348584,40.88472728348584,4709480
2008/12/27,41.218492870975034,41.31849287097503,41.218492870975034,41.26849287097503,5227480
2008/12/28,41.218492870975034,41.31849287097503,41.218492870975034,41.26849287097503,5227480
2008/12/29,41.218492870975034,41.31849287097503,41.218492870975034,41.26849287097503,5227480
2008/12/30,41.38392023958005,41.483920239580044,41.38392023958005,41.43392023958005,5710480
2008/12/31,41.31117854550639,41.41117854550638,41.31117854550639,41.361178545506384,5810629
2009/01/01,41.33942917818717,41.43942917818716,41.33942917818717,41.389429178187164,5801108
2009/01/02,41.33942917818717,41.43942917818716,41.33942917818717,41.389429178187164,5801108
2009/01/03,41.33942917818717,41.43942917818716,41.33942917818717,41.389429178187164,5801108
2009/01/04,41.33942917818717,41.43942917818716,41.33942917818717,41.389429178187164,5801108
2009/01/05,41.33942917818717,41.43942917818716,41.33942917818717,41.389429178187164,5801108
2009/01/06,41.04715779037871,41.14715779037871,41.04715779037871,41.09715779037871,5904108
2009/01/07,40.907576705695334,41.00757670569533,40.907576705695334,40.95757670569533,6000108
2009/01/08,40.84899951189144,40.94899951189144,40.84899951189144,40.89899951189144,5956108
2009/01/09,40.562309210473295,40.66230921047329,40.562309210473295,40.61230921047329,5661157
2009/01/10,40.40842954765588,40.50842954765587,40.40842954765588,40.458429547655875,5715157
2009/01/11,40.40842954765588,40.50842954765587,40.40842954765588,40.458429547655875,5715157
2009/01/12,40.40842954765588,40.50842954765587,40.40842954765588,40.458429547655875,5715157
2009/01/13,40.08014745303702,40.180147453037016,40.08014745303702,40.13014745303702,5627165
2009/01/14,39.85883738393383,39.958837383933826,39.85883738393383,39.90883738393383,5418165
2009/01/15,39.70616837695903,39.80616837695902,39.70616837695903,39.756168376959025,5274165
2009/01/16,39.50594067994912,39.605940679949114,39.50594067994912,39.55594067994912,5201165
2009/01/17,39.02100462580777,39.121004625807764,39.02100462580777,39.07100462580777,4973285
2009/01/18,39.02100462580777,39.121004625807764,39.02100462580777,39.07100462580777,4973285
2009/01/19,39.02100462580777,39.121004625807764,39.02100462580777,39.07100462580777,4973285
2009/01/20,38.94937051389629,39.049370513896285,38.94937051389629,38.99937051389629,4795300
2009/01/21,38.50494427585473,38.60494427585473,38.50494427585473,38.55494427585473,5043300
2009/01/22,37.769684417711204,37.8696844177112,37.769684417711204,37.8196844177112,5026300
2009/01/23,37.769684417711204,37.8696844177112,37.769684417711204,37.8196844177112,5026300
2009/01/24,37.769684417711204,37.8696844177112,37.769684417711204,37.8196844177112,5026300
2009/01/25,37.769684417711204,37.8696844177112,37.769684417711204,37.8196844177112,5026300
2009/01/26,37.769684417711204,37.8696844177112,37.769684417711204,37.8196844177112,5026300
2009/01/27,37.769684417711204,37.8696844177112,37.769684417711204,37.8196844177112,5026300
2009/01/28,37.769684417711204,37.8696844177112,37.769684417711204,37.8196844177112,5026300
2009/01/29,37.769684417711204,37.8696844177112,37.769684417711204,37.8196844177112,5026300
2009/01/30,37.769684417711204,37.8696844177112,37.769684417711204,37.8196844177112,5026300
2009/01/31,37.769684417711204,37.8696844177112,37.769684417711204,37.8196844177112,5026300
2009/02/01,37.769684417711204,37.8696844177112,37.769684417711204,37.8196844177112,5026300
2009/02/02,37.769684417711204,37.8696844177112,37.769684417711204,37.8196844177112,5026300
2009/02/03,37.94687011425147,38.04687011425146,37.94687011425147,37.996870114251465,5244017
2009/02/04,37.7620223236205,37.862022323620494,37.7620223236205,37.812022323620496,4826017
2009/02/05,38.00604883202081,38.106048832020804,38.00604883202081,38.05604883202081,5488017
2009/02/06,37.79831117659644,37.89831117659644,37.79831117659644,37.84831117659644,5384017
2009/02/07,37.97399739971386,38.07399739971385,37.97399739971386,38.023997399713856,5627275
2009/02/08,37.97399739971386,38.07399739971385,37.97399739971386,38.023997399713856,5627275
2009/02/09,37.97399739971386,38.07399739971385,37.97399739971386,38.023997399713856,5627275
2009/02/10,38.16031683934553,38.26031683934553,38.16031683934553,38.21031683934553,5596275
2009/02/11,38.15951113853654,38.25951113853653,38.15951113853654,38.209511138536534,5290275
2009/02/12,37.93685971024036,38.03685971024036,37.93685971024036,37.98685971024036,4836713
2009/02/13,37.83093919861299,37.93093919861298,37.83093919861299,37.880939198612985,4102713
2009/02/14,38.10222854311214,38.202228543112135,38.10222854311214,38.15222854311214,5261713
2009/02/15,38.10222854311214,38.202228543112135,38.10222854311214,38.15222854311214,5261713
2009/02/16,38.10222854311214,38.202228543112135,38.10222854311214,38.15222854311214,5261713
2009/02/17,38.14766698687996,38.247666986879956,38.14766698687996,38.19766698687996,5117713
2009/02/18,38.261265383633,38.361265383633,38.261265383633,38.311265383633,4974713
2009/02/19,38.16325484466479,38.263254844664786,38.16325484466479,38.21325484466479,4617201
2009/02/20,38.0148871555591,38.114887155559096,38.0148871555591,38.0648871555591,4329201
2009/02/21,37.864086277617474,37.96408627761747,37.864086277617474,37.91408627761747,4291315
2009/02/22,37.864086277617474,37.96408627761747,37.864086277617474,37.91408627761747,4291315
2009/02/23,37.864086277617474,37.96408627761747,37.864086277617474,37.91408627761747,4291315
2009/02/24,37.631969957392414,37.73196995739241,37.631969957392414,37.68196995739241,4127315
2009/02/25,37.884169994266266,37.98416999426626,37.884169994266266,37.93416999426626,4487315
2009/02/26,37.471807327007284,37.57180732700728,37.471807327007284,37.52180732700728,4452315
2009/02/27,36.757724070947916,36.85772407094791,36.757724070947916,36.80772407094791,4931315
2009/02/28,36.507331043225655,36.60733104322565,36.507331043225655,36.55733104322565,4753315
2009/03/01,36.507331043225655,36.60733104322565,36.507331043225655,36.55733104322565,4753315
2009/03/02,36.507331043225655,36.60733104322565,36.507331043225655,36.55733104322565,4753315
2009/03/03,36.76199641732185,36.86199641732185,36.76199641732185,36.81199641732185,5078207
2009/03/04,36.697210946972845,36.79721094697284,36.697210946972845,36.74721094697284,5293957
2009/03/05,36.66002418447869,36.76002418447868,36.66002418447869,36.710024184478684,5272957
2009/03/06,36.61960335612018,36.719603356120174,36.61960335612018,36.66960335612018,5280384
2009/03/07,36.3625301617804,36.46253016178039,36.3625301617804,36.412530161780396,5150384
2009/03/08,36.3625301617804,36.46253016178039,36.3625301617804,36.412530161780396,5150384
2009/03/09,36.3625301617804,36.46253016178039,36.3625301617804,36.412530161780396,5150384
2009/03/10,36.26448699576136,36.364486995761354,36.26448699576136,36.31448699576136,5374384
2009/03/11,36.13050435807004,36.230504358070036,36.13050435807004,36.18050435807004,5356077
2009/03/12,36.14686589135747,36.246865891357466,36.14686589135747,36.19686589135747,5510271
2009/03/13,36.2779971676892,36.377997167689195,36.2779971676892,36.3279971676892,5931647
2009/03/14,36.285179837619374,36.38517983761937,36.285179837619374,36.33517983761937,6026527
2009/03/15,36.285179837619374,36.38517983761937,36.285179837619374,36.33517983761937,6026527
2009/03/16,36.285179837619374,36.38517983761937,36.285179837619374,36.33517983761937,6026527
2009/03/17,36.065691701473924,36.16569170147392,36.065691701473924,36.11569170147392,5144527
2009/03/18,36.08177711837709,36.181777118377084,36.08177711837709,36.13177711837709,5165527
2009/03/19,35.789148680587836,35.88914868058783,35.789148680587836,35.83914868058783,4633527
2009/03/20,35.704798395804175,35.80479839580417,35.704798395804175,35.75479839580417,4502527
2009/03/21,35.712214666959866,35.81221466695986,35.712214666959866,35.76221466695986,4507936
2009/03/22,35.712214666959866,35.81221466695986,35.712214666959866,35.76221466695986,4507936
2009/03/23,35.712214666959866,35.81221466695986,35.712214666959866,35.76221466695986,4507936
2009/03/24,35.779499904366034,35.87949990436603,35.779499904366034,35.82949990436603,4562936
2009/03/25,36.038464977161546,36.13846497716154,36.038464977161546,36.08846497716154,4729936
2009/03/26,36.05197014809089,36.15197014809088,36.05197014809089,36.101970148090885,4691210
2009/03/27,36.00644593679186,36.10644593679186,36.00644593679186,36.05644593679186,4507706
2009/03/28,35.88906244207182,35.98906244207181,35.88906244207182,35.939062442071815,3070706
2009/03/29,35.88906244207182,35.98906244207181,35.88906244207182,35.939062442071815,3070706
2009/03/30,35.88906244207182,35.98906244207181,35.88906244207182,35.939062442071815,3070706
2009/03/31,35.95826095911875,36.05826095911875,35.95826095911875,36.00826095911875,2095706
2009/04/01,35.91392281727734,36.01392281727733,35.91392281727734,35.963922817277336,1963068
2009/04/02,36.01372175521901,36.113721755219004,36.01372175521901,36.06372175521901,2028068
2009/04/03,37.21451664816286,37.31451664816286,37.21451664816286,37.26451664816286,2656501
2009/04/04,37.30250483742861,37.4025048374286,37.30250483742861,37.352504837428604,2206501
2009/04/05,37.30250483742861,37.4025048374286,37.30250483742861,37.352504837428604,2206501
2009/04/06,37.30250483742861,37.4025048374286,37.30250483742861,37.352504837428604,2206501
2009/04/07,37.45590853607543,37.55590853607542,37.45590853607543,37.505908536075424,2333501
2009/04/08,37.96161889000197,38.06161889000197,37.96161889000197,38.01161889000197,1963501
2009/04/09,38.43439826142518,38.534398261425174,38.43439826142518,38.48439826142518,686501
2009/04/10,39.435204137227814,39.53520413722781,39.435204137227814,39.48520413722781,389501
2009/04/11,43.682078211413,43.682078211413,43.582078211413005,43.632078211413,838499
2009/04/12,43.682078211413,43.682078211413,43.582078211413005,43.632078211413,838499
2009/04/13,43.682078211413,43.682078211413,43.582078211413005,43.632078211413,838499
2009/04/14,44.09153632332648,44.09153632332648,43.991536323326486,44.04153632332648,1663499
2009/04/15,44.55014774092986,44.55014774092986,44.450147740929864,44.50014774092986,1732499
2009/04/16,43.95978790081643,43.95978790081643,43.859787900816436,43.90978790081643,3100499
2009/04/17,43.91316155551666,43.91316155551666,43.813161555516665,43.86316155551666,3265499
2009/04/18,44.25715211122647,44.25715211122647,44.15715211122647,44.20715211122647,3412499
2009/04/19,44.25715211122647,44.25715211122647,44.15715211122647,44.20715211122647,3412499
2009/04/20,44.25715211122647,44.25715211122647,44.15715211122647,44.20715211122647,3412499
2009/04/21,43.73966891103628,43.73966891103628,43.63966891103629,43.689668911036286,2934499
2009/04/22,44.262048705455214,44.262048705455214,44.16204870545522,44.21204870545522,2555499
2009/04/23,43.74029007038245,43.74029007038245,43.640290070382456,43.69029007038245,3151499
2009/04/24,43.47262739969949,43.47262739969949,43.372627399699496,43.42262739969949,3837475
2009/04/25,43.155927716974375,43.155927716974375,43.05592771697438,43.10592771697438,4457475
2009/04/26,43.155927716974375,43.155927716974375,43.05592771697438,43.10592771697438,4457475
2009/04/27,43.155927716974375,43.155927716974375,43.05592771697438,43.10592771697438,4457475
2009/04/28,43.10070446216812,43.10070446216812,43.00070446216812,43.05070446216812,4044475
2009/04/29,43.079320214006096,43.079320214006096,42.9793202140061,43.0293202140061,4078515
2009/04/30,43.36066703996246,43.36066703996246,43.26066703996246,43.31066703996246,3171515
2009/05/01,43.231872622778795,43.231872622778795,43.1318726227788,43.1818726227788,3315515
2009/05/02,43.231872622778795,43.231872622778795,43.1318726227788,43.1818726227788,3315515
2009/05/03,43.231872622778795,43.231872622778795,43.1318726227788,43.1818726227788,3315515
2009/05/04,43.231872622778795,43.231872622778795,43.1318726227788,43.1818726227788,3315515
2009/05/05,43.40989911522429,43.40989911522429,43.3098991152243,43.359899115224295,2838515
2009/05/06,43.868943841338414,43.868943841338414,43.76894384133842,43.81894384133842,2502515
2009/05/07,44.05101477398651,44.05101477398651,43.951014773986515,44.00101477398651,1784153
2009/05/08,44.789289076824915,44.789289076824915,44.68928907682492,44.73928907682492,2347153
2009/05/09,45.00396771471847,45.00396771471847,44.903967714718476,44.95396771471847,2175153
2009/05/10,45.00396771471847,45.00396771471847,44.903967714718476,44.95396771471847,2175153
2009/05/11,45.00396771471847,45.00396771471847,44.903967714718476,44.95396771471847,2175153
2009/05/12,45.35595091907372,45.35595091907372,45.255950919073726,45.30595091907372,2367153
2009/05/13,45.22419084839285,45.22419084839285,45.12419084839286,45.174190848392854,2080153
2009/05/14,45.37551876016309,45.37551876016309,45.275518760163095,45.32551876016309,2231153
2009/05/15,45.52169646301095,45.52169646301095,45.42169646301095,45.47169646301095,2784153
2009/05/16,45.574952928300796,45.574952928300796,45.4749529283008,45.5249529283008,3290153
2009/05/17,45.574952928300796,45.574952928300796,45.4749529283008,45.5249529283008,3290153
2009/05/18,45.574952928300796,45.574952928300796,45.4749529283008,45.5249529283008,3290153
2009/05/19,45.730819926105795,45.730819926105795,45.6308199261058,45.6808199261058,3782302
2009/05/20,45.61860635147448,45.61860635147448,45.51860635147449,45.568606351474486,3629781
2009/05/21,45.75381855536081,45.75381855536081,45.653818555360814,45.70381855536081,4526781
2009/05/22,45.80503625176871,45.80503625176871,45.70503625176872,45.755036251768715,5347781
2009/05/23,45.84000520851766,45.84000520851766,45.740005208517665,45.79000520851766,5861781
2009/05/24,45.84000520851766,45.84000520851766,45.740005208517665,45.79000520851766,5861781
2009/05/25,45.84000520851766,45.84000520851766,45.740005208517665,45.79000520851766,5861781
2009/05/26,45.81993956857282,45.81993956857282,45.719939568572826,45.76993956857282,6114781
2009/05/27,45.75435146586361,45.75435146586361,45.65435146586361,45.70435146586361,6462781
2009/05/28,45.68453015792116,45.68453015792116,45.584530157921165,45.63453015792116,6256781
2009/05/29,45.68453015792116,45.68453015792116,45.584530157921165,45.63453015792116,6256781
2009/05/30,45.68453015792116,45.68453015792116,45.584530157921165,45.63453015792116,6256781
2009/05/31,45.68453015792116,45.68453015792116,45.584530157921165,45.63453015792116,6256781
2009/06/01,45.68453015792116,45.68453015792116,45.584530157921165,45.63453015792116,6256781
2009/06/02,45.78991231383857,45.78991231383857,45.689912313838576,45.73991231383857,6813781
2009/06/03,45.85072983989286,45.85072983989286,45.75072983989286,45.80072983989286,7172781
2009/06/04,45.8176050044271,45.8176050044271,45.71760500442711,45.767605004427104,7134781
2009/06/05,45.79383472240175,45.79383472240175,45.69383472240175,45.74383472240175,7564488
2009/06/06,45.80059366261382,45.80059366261382,45.70059366261383,45.750593662613824,7699503
2009/06/07,45.80059366261382,45.80059366261382,45.70059366261383,45.750593662613824,7699503
2009/06/08,45.80059366261382,45.80059366261382,45.70059366261383,45.750593662613824,7699503
2009/06/09,45.668678421381884,45.668678421381884,45.56867842138189,45.61867842138189,8197503
2009/06/10,45.47110878329826,45.47110878329826,45.37110878329827,45.421108783298266,6913503
2009/06/11,45.504010199798365,45.504010199798365,45.40401019979837,45.45401019979837,6653788
2009/06/12,45.593542066952054,45.593542066952054,45.49354206695206,45.54354206695206,6508788
2009/06/13,45.372049777326104,45.372049777326104,45.27204977732611,45.32204977732611,7884788
2009/06/14,45.372049777326104,45.372049777326104,45.27204977732611,45.32204977732611,7884788
2009/06/15,45.372049777326104,45.372049777326104,45.27204977732611,45.32204977732611,7884788
2009/06/16,45.33334118861348,45.33334118861348,45.23334118861349,45.283341188613484,7862788
2009/06/17,45.34362140354149,45.34362140354149,45.243621403541496,45.29362140354149,7785458
2009/06/18,45.46969152516747,45.46969152516747,45.369691525167475,45.41969152516747,6983458
2009/06/19,45.54491561411306,45.54491561411306,45.444915614113064,45.49491561411306,6665458
2009/06/20,45.602822099070046,45.602822099070046,45.50282209907005,45.55282209907005,6221896
2009/06/21,45.602822099070046,45.602822099070046,45.50282209907005,45.55282209907005,6221896
2009/06/22,45.602822099070046,45.602822099070046,45.50282209907005,45.55282209907005,6221896
2009/06/23,45.782753186116416,45.782753186116416,45.68275318611642,45.73275318611642,5401896
2009/06/24,45.645766904719835,45.645766904719835,45.54576690471984,45.59576690471984,5786896
2009/06/25,45.70028620575507,45.70028620575507,45.600286205755076,45.65028620575507,5122896
2009/06/26,45.81068883833969,45.81068883833969,45.7106888383397,45.760688838339696,4762896
2009/06/27,45.90243503286116,45.90243503286116,45.80243503286117,45.852435032861166,4480896
2009/06/28,45.90243503286116,45.90243503286116,45.80243503286117,45.852435032861166,4480896
2009/06/29,45.90243503286116,45.90243503286116,45.80243503286117,45.852435032861166,4480896
2009/06/30,45.863384317083685,45.863384317083685,45.76338431708369,45.81338431708369,4377896
2009/07/01,45.85216357105623,45.85216357105623,45.752163571056236,45.802163571056234,4120214
2009/07/02,45.901328928596364,45.901328928596364,45.80132892859637,45.85132892859637,3634214
2009/07/03,45.736495353052504,45.736495353052504,45.63649535305251,45.68649535305251,3906214
2009/07/04,45.568862311191154,45.568862311191154,45.46886231119116,45.51886231119116,4290214
2009/07/05,45.568862311191154,45.568862311191154,45.46886231119116,45.51886231119116,4290214
2009/07/06,45.568862311191154,45.568862311191154,45.46886231119116,45.51886231119116,4290214
2009/07/07,45.29005186607737,45.29005186607737,45.190051866077376,45.24005186607737,5200214
2009/07/08,45.26029936119929,45.26029936119929,45.16029936119929,45.21029936119929,4997214
2009/07/09,45.27901660488101,45.27901660488101,45.179016604881014,45.22901660488101,4837214
2009/07/10,45.2459544454864,45.2459544454864,45.1459544454864,45.1959544454864,4203214
2009/07/11,45.24273526283663,45.24273526283663,45.14273526283664,45.192735262836635,4197214
2009/07/12,45.24273526283663,45.24273526283663,45.14273526283664,45.192735262836635,4197214
2009/07/13,45.24273526283663,45.24273526283663,45.14273526283664,45.192735262836635,4197214
2009/07/14,44.954630936084016,44.954630936084016,44.85463093608402,44.90463093608402,4638214
2009/07/15,44.93427779799964,44.93427779799964,44.83427779799965,44.884277797999644,4658214
2009/07/16,44.89429294864956,44.89429294864956,44.79429294864956,44.84429294864956,3205699
2009/07/17,43.99180277789144,43.99180277789144,43.89180277789144,43.94180277789144,4398699
2009/07/18,43.93841484198644,43.93841484198644,43.83841484198645,43.888414841986446,4642699
2009/07/19,43.93841484198644,43.93841484198644,43.83841484198645,43.888414841986446,4642699
2009/07/20,43.93841484198644,43.93841484198644,43.83841484198645,43.888414841986446,4642699
2009/07/21,43.942087460112006,43.942087460112006,43.84208746011201,43.89208746011201,4924699
2009/07/22,43.89426086336938,43.89426086336938,43.79426086336939,43.844260863369385,5462699
2009/07/23,43.878238102751,43.878238102751,43.778238102751004,43.828238102751,4865699
2009/07/24,43.8509696697604,43.8509696697604,43.75096966976041,43.800969669760406,5240699
2009/07/25,43.77971692726882,43.77971692726882,43.67971692726883,43.729716927268825,5480699
2009/07/26,43.77971692726882,43.77971692726882,43.67971692726883,43.729716927268825,5480699
2009/07/27,43.77971692726882,43.77971692726882,43.67971692726883,43.729716927268825,5480699
2009/07/28,43.78312927689283,43.78312927689283,43.683129276892835,43.73312927689283,5334699
2009/07/29,43.77391176539091,43.77391176539091,43.67391176539092,43.723911765390916,5502558
2009/07/30,43.76838269539263,43.76838269539263,43.66838269539264,43.718382695392634,5695558
2009/07/31,43.717040114476,43.717040114476,43.617040114476005,43.667040114476,6235558
2009/08/01,43.689281184075675,43.689281184075675,43.58928118407568,43.63928118407568,6267558
2009/08/02,43.689281184075675,43.689281184075675,43.58928118407568,43.63928118407568,6267558
2009/08/03,43.689281184075675,43.689281184075675,43.58928118407568,43.63928118407568,6267558
2009/08/04,43.54283307628993,43.54283307628993,43.442833076289936,43.492833076289934,6881457
2009/08/05,43.3925300521693,43.3925300521693,43.292530052169305,43.3425300521693,6303457
2009/08/06,43.106392123577336,43.106392123577336,43.00639212357734,43.05639212357734,5596457
2009/08/07,43.10667798065148,43.10667798065148,43.00667798065149,43.056677980651486,5603457
2009/08/08,43.10667798065148,43.10667798065148,43.00667798065149,43.056677980651486,5603457
2009/08/09,43.10667798065148,43.10667798065148,43.00667798065149,43.056677980651486,5603457
2009/08/10,43.10667798065148,43.10667798065148,43.00667798065149,43.056677980651486,5603457
2009/08/11,43.1349796988663,43.1349796988663,43.03497969886631,43.084979698866306,5807457
2009/08/12,43.31351056453984,43.31351056453984,43.213510564539845,43.26351056453984,6508457
2009/08/13,43.26717975227085,43.26717975227085,43.167179752270854,43.21717975227085,6185457
2009/08/14,43.28801264843455,43.28801264843455,43.18801264843456,43.238012648434555,5790457
2009/08/15,43.361765095522955,43.361765095522955,43.26176509552296,43.31176509552296,5945457
2009/08/16,43.361765095522955,43.361765095522955,43.26176509552296,43.31176509552296,5945457
2009/08/17,43.361765095522955,43.361765095522955,43.26176509552296,43.31176509552296,5945457
2009/08/18,43.35536473343781,43.35536473343781,43.255364733437816,43.30536473343781,5285457
2009/08/19,43.365918012757675,43.365918012757675,43.26591801275768,43.31591801275768,4999457
2009/08/20,43.12390834309347,43.12390834309347,43.023908343093474,43.07390834309347,4003457
2009/08/21,43.72284891583502,43.72284891583502,43.62284891583503,43.672848915835026,3481457
2009/08/22,43.70828214211408,43.70828214211408,43.608282142114085,43.65828214211408,3257457
2009/08/23,43.70828214211408,43.70828214211408,43.608282142114085,43.65828214211408,3257457
2009/08/24,43.70828214211408,43.70828214211408,43.608282142114085,43.65828214211408,3257457
2009/08/25,43.890810409620784,43.890810409620784,43.79081040962079,43.84081040962079,2467457
2009/08/26,44.10973300394708,44.10973300394708,44.00973300394708,44.05973300394708,2474457
2009/08/27,44.251454504060426,44.251454504060426,44.15145450406043,44.20145450406043,2365457
2009/08/28,44.06653778340374,44.06653778340374,43.966537783403744,44.01653778340374,2755457
2009/08/29,43.83522840252144,43.83522840252144,43.73522840252144,43.78522840252144,3062457
2009/08/30,43.83522840252144,43.83522840252144,43.73522840252144,43.78522840252144,3062457
2009/08/31,43.83522840252144,43.83522840252144,43.73522840252144,43.78522840252144,3062457
2009/09/01,44.111683684730714,44.111683684730714,44.01168368473072,44.06168368473072,2542457
2009/09/02,44.29274933555589,44.29274933555589,44.192749335555895,44.24274933555589,2118617
2009/09/03,44.40722169990768,44.40722169990768,44.307221699907686,44.35722169990768,2051857
2009/09/04,44.26233492452665,44.26233492452665,44.162334924526654,44.21233492452665,2860987
2009/09/05,44.2870989171829,44.2870989171829,44.18709891718291,44.237098917182905,2966947
2009/09/06,44.2870989171829,44.2870989171829,44.18709891718291,44.237098917182905,2966947
2009/09/07,44.2870989171829,44.2870989171829,44.18709891718291,44.237098917182905,2966947
2009/09/08,44.11893331156374,44.11893331156374,44.01893331156374,44.06893331156374,3602947
2009/09/09,44.10048597909224,44.10048597909224,44.00048597909225,44.050485979092244,3273947
2009/09/10,44.0863685055482,44.0863685055482,43.98636850554821,44.036368505548204,3280947
2009/09/11,44.09798877588084,44.09798877588084,43.99798877588085,44.047988775880846,2275947
2009/09/12,44.12197972187718,44.12197972187718,44.02197972187719,44.071979721877184,2698339
2009/09/13,44.12197972187718,44.12197972187718,44.02197972187719,44.071979721877184,2698339
2009/09/14,44.12197972187718,44.12197972187718,44.02197972187719,44.071979721877184,2698339
2009/09/15,44.16437725800034,44.16437725800034,44.06437725800035,44.114377258000346,2234339
2009/09/16,44.16372952151653,44.16372952151653,44.063729521516535,44.11372952151653,2365819
2009/09/17,44.17002389102584,44.17002389102584,44.07002389102585,44.120023891025845,1474328
2009/09/18,44.161105681267536,44.161105681267536,44.06110568126754,44.11110568126754,1351328
2009/09/19,44.752673902500156,44.752673902500156,44.65267390250016,44.70267390250016,1331328
2009/09/20,44.752673902500156,44.752673902500156,44.65267390250016,44.70267390250016,1331328
2009/09/21,44.752673902500156,44.752673902500156,44.65267390250016,44.70267390250016,1331328
2009/09/22,48.7321364254074,48.7321364254074,48.6321364254074,48.6821364254074,2024248
2009/09/23,49.921596756313534,49.921596756313534,49.82159675631354,49.87159675631354,1675248
2009/09/24,50.68841521083315,50.68841521083315,50.488415210833146,50.58841521083315,1311532
2009/09/25,49.84825527516582,49.84825527516582,49.748255275165825,49.79825527516582,1648532
2009/09/26,50.568536544766225,50.568536544766225,50.36853654476622,50.46853654476622,1116532
2009/09/27,50.568536544766225,50.568536544766225,50.36853654476622,50.46853654476622,1116532
2009/09/28,50.568536544766225,50.568536544766225,50.36853654476622,50.46853654476622,1116532
2009/09/29,50.560751391634,50.560751391634,50.360751391634,50.460751391634,429903
2009/09/30,50.76080506664043,50.96080506664043,50.76080506664043,50.86080506664043,367097
2009/10/01,49.98920841413841,50.18920841413841,49.98920841413841,50.08920841413841,425097
2009/10/02,50.72172572398777,50.92172572398777,50.72172572398777,50.82172572398777,993097
2009/10/03,51.92077278198281,52.120772781982815,51.92077278198281,52.020772781982814,230097
2009/10/04,51.92077278198281,52.120772781982815,51.92077278198281,52.020772781982814,230097
2009/10/05,51.92077278198281,52.120772781982815,51.92077278198281,52.020772781982814,230097
2009/10/06,50.32455014779152,50.52455014779152,50.32455014779152,50.42455014779152,522097
2009/10/07,50.03804705996472,50.23804705996472,50.03804705996472,50.13804705996472,1005097
2009/10/08,84.42263412091957,84.42263412091957,84.22263412091958,84.32263412091957,81903
2009/10/09,49.81576735356724,49.91576735356723,49.81576735356724,49.865767353567236,42804
2009/10/10,49.58843463337445,49.68843463337444,49.58843463337445,49.638434633374445,82804
2009/10/11,49.58843463337445,49.68843463337444,49.58843463337445,49.638434633374445,82804
2009/10/12,49.58843463337445,49.68843463337444,49.58843463337445,49.638434633374445,82804
2009/10/13,52.60628791149798,52.80628791149798,52.60628791149798,52.70628791149798,593804
2009/10/14,53.12855100673117,53.12855100673117,52.92855100673117,53.02855100673117,1299196
2009/10/15,52.94325032963066,52.94325032963066,52.743250329630655,52.843250329630656,1383628
2009/10/16,52.979690099863994,52.979690099863994,52.77969009986399,52.87969009986399,712628
2009/10/17,56.55700249193529,56.757002491935296,56.55700249193529,56.657002491935295,48372
2009/10/18,56.55700249193529,56.757002491935296,56.55700249193529,56.657002491935295,48372
2009/10/19,56.55700249193529,56.757002491935296,56.55700249193529,56.657002491935295,48372
2009/10/20,55.73732246688553,55.73732246688553,55.53732246688553,55.63732246688553,781628
2009/10/21,55.674335017087515,55.674335017087515,55.47433501708751,55.57433501708751,863958
2009/10/22,55.88104876509169,55.88104876509169,55.68104876509169,55.78104876509169,1388832
2009/10/23,55.5686399076839,55.5686399076839,55.3686399076839,55.4686399076839,1765832
2009/10/24,55.241748314671106,55.241748314671106,55.0417483146711,55.141748314671105,1884832
2009/10/25,55.241748314671106,55.241748314671106,55.0417483146711,55.141748314671105,1884832
2009/10/26,55.241748314671106,55.241748314671106,55.0417483146711,55.141748314671105,1884832
2009/10/27,54.91799610864725,54.91799610864725,54.71799610864725,54.81799610864725,1409832
2009/10/28,54.939081644999455,54.939081644999455,54.73908164499945,54.83908164499945,1248832
2009/10/29,54.699536913525215,54.699536913525215,54.49953691352521,54.59953691352521,1837832
2009/10/30,54.52478578493166,54.52478578493166,54.324785784931656,54.42478578493166,2281832
2009/10/31,54.277852215575265,54.277852215575265,54.07785221557526,54.177852215575264,2990832
2009/11/01,54.277852215575265,54.277852215575265,54.07785221557526,54.177852215575264,2990832
2009/11/02,54.277852215575265,54.277852215575265,54.07785221557526,54.177852215575264,2990832
2009/11/03,54.15958629536384,54.15958629536384,53.959586295363835,54.059586295363836,3139832
2009/11/04,53.858215722801376,53.858215722801376,53.65821572280137,53.758215722801374,3635832
2009/11/05,53.69187488966781,53.69187488966781,53.491874889667805,53.59187488966781,3906832
2009/11/06,53.78096918453635,53.78096918453635,53.58096918453635,53.68096918453635,3600832
2009/11/07,53.80058777645102,53.80058777645102,53.600587776451015,53.700587776451016,3640832
2009/11/08,53.80058777645102,53.80058777645102,53.600587776451015,53.700587776451016,3640832
2009/11/09,53.80058777645102,53.80058777645102,53.600587776451015,53.700587776451016,3640832
2009/11/10,53.93092559874053,53.93092559874053,53.73092559874053,53.83092559874053,2980832
2009/11/11,53.83068089971984,53.83068089971984,53.630680899719835,53.730680899719836,3180832
2009/11/12,53.78376405686803,53.78376405686803,53.58376405686803,53.68376405686803,2741832
2009/11/13,53.338829427659306,53.338829427659306,53.1388294276593,53.238829427659304,3590832
2009/11/14,53.32268653158153,53.32268653158153,53.12268653158153,53.22268653158153,3250832
2009/11/15,53.32268653158153,53.32268653158153,53.12268653158153,53.22268653158153,3250832
2009/11/16,53.32268653158153,53.32268653158153,53.12268653158153,53.22268653158153,3250832
2009/11/17,53.68024035503846,53.68024035503846,53.480240355038454,53.580240355038455,2824832
2009/11/18,53.59237801421498,53.59237801421498,53.39237801421498,53.49237801421498,2924832
2009/11/19,52.23038358512472,52.23038358512472,52.03038358512472,52.13038358512472,4713347
2009/11/20,53.623498237667924,53.623498237667924,53.42349823766792,53.52349823766792,3979347
2009/11/21,53.925789004910044,53.925789004910044,53.72578900491004,53.82578900491004,4117347
2009/11/22,53.925789004910044,53.925789004910044,53.72578900491004,53.82578900491004,4117347
2009/11/23,53.925789004910044,53.925789004910044,53.72578900491004,53.82578900491004,4117347
2009/11/24,53.93691933305452,53.93691933305452,53.736919333054516,53.83691933305452,3978347
2009/11/25,54.169989059253695,54.169989059253695,53.96998905925369,54.06998905925369,3813347
2009/11/26,54.126802947872235,54.126802947872235,53.92680294787223,54.026802947872234,3981347
2009/11/27,54.290604726969,54.290604726969,54.090604726969,54.190604726969,3795347
2009/11/28,54.586975994841254,54.586975994841254,54.38697599484125,54.48697599484125,3666347
2009/11/29,54.586975994841254,54.586975994841254,54.38697599484125,54.48697599484125,3666347
2009/11/30,54.586975994841254,54.586975994841254,54.38697599484125,54.48697599484125,3666347
2009/12/01,54.41291428890355,54.41291428890355,54.21291428890355,54.31291428890355,3713505
2009/12/02,54.59018410064829,54.59018410064829,54.390184100648284,54.490184100648285,4009055
2009/12/03,54.69294472530716,54.69294472530716,54.492944725307154,54.592944725307156,4019055
2009/12/04,54.86147453662144,54.86147453662144,54.661474536621434,54.761474536621435,3763055
2009/12/05,54.92188649017772,54.92188649017772,54.72188649017772,54.82188649017772,3609055
2009/12/06,54.92188649017772,54.92188649017772,54.72188649017772,54.82188649017772,3609055
2009/12/07,54.92188649017772,54.92188649017772,54.72188649017772,54.82188649017772,3609055
2009/12/08,55.28116081622718,55.28116081622718,55.081160816227175,55.18116081622718,2813156
2009/12/09,55.58992065439273,55.58992065439273,55.389920654392725,55.489920654392726,2428156
2009/12/10,55.84062026741296,55.84062026741296,55.640620267412956,55.74062026741296,2090156
2009/12/11,55.72169734982999,55.72169734982999,55.521697349829985,55.62169734982999,2653156
2009/12/12,55.74186114755882,55.74186114755882,55.54186114755882,55.64186114755882,2499547
2009/12/13,55.74186114755882,55.74186114755882,55.54186114755882,55.64186114755882,2499547
2009/12/14,55.74186114755882,55.74186114755882,55.54186114755882,55.64186114755882,2499547
2009/12/15,55.785627639930816,55.785627639930816,55.58562763993081,55.685627639930814,2731547
2009/12/16,55.85031173672226,55.85031173672226,55.65031173672226,55.75031173672226,3114547
2009/12/17,55.79033791831906,55.79033791831906,55.59033791831906,55.69033791831906,4184547
2009/12/18,55.810129249822616,55.810129249822616,55.61012924982261,55.710129249822614,4096547
2009/12/19,55.88885359208365,55.88885359208365,55.688853592083646,55.78885359208365,3844547
2009/12/20,55.88885359208365,55.88885359208365,55.688853592083646,55.78885359208365,3844547
2009/12/21,55.88885359208365,55.88885359208365,55.688853592083646,55.78885359208365,3844547
2009/12/22,55.783894100206204,55.783894100206204,55.5838941002062,55.6838941002062,4208547
2009/12/23,55.75028834568968,55.75028834568968,55.55028834568968,55.65028834568968,4523517
2009/12/24,55.85156773562802,55.85156773562802,55.651567735628014,55.751567735628015,4306517
2009/12/25,55.92565358637804,55.92565358637804,55.72565358637804,55.82565358637804,3709517
2009/12/26,55.91925959513765,55.91925959513765,55.71925959513765,55.81925959513765,3627517
2009/12/27,55.91925959513765,55.91925959513765,55.71925959513765,55.81925959513765,3627517
2009/12/28,55.91925959513765,55.91925959513765,55.71925959513765,55.81925959513765,3627517
2009/12/29,55.97899898047027,55.97899898047027,55.77899898047027,55.87899898047027,3287517
2009/12/30,56.00726086418318,56.00726086418318,55.80726086418318,55.90726086418318,3083517
2009/12/31,56.04020249572043,56.04020249572043,55.840202495720426,55.94020249572043,3130517
2010/01/01,56.07286729204141,56.07286729204141,55.872867292041406,55.97286729204141,3409517
2010/01/02,56.07286729204141,56.07286729204141,55.872867292041406,55.97286729204141,3409517
2010/01/03,56.07286729204141,56.07286729204141,55.872867292041406,55.97286729204141,3409517
2010/01/04,56.07286729204141,56.07286729204141,55.872867292041406,55.97286729204141,3409517
2010/01/05,56.33440401015202,56.33440401015202,56.13440401015202,56.23440401015202,3879517
2010/01/06,56.32069258992861,56.32069258992861,56.12069258992861,56.22069258992861,3298357
2010/01/07,56.343385724701015,56.343385724701015,56.14338572470101,56.243385724701014,2008117
2010/01/08,57.31792518557227,57.31792518557227,57.11792518557227,57.21792518557227,1959987
2010/01/09,58.50680737309897,58.50680737309897,58.30680737309897,58.40680737309897,2215987
2010/01/10,58.50680737309897,58.50680737309897,58.30680737309897,58.40680737309897,2215987
2010/01/11,58.50680737309897,58.50680737309897,58.30680737309897,58.40680737309897,2215987
2010/01/12,58.792581591310984,58.792581591310984,58.59258159131098,58.69258159131098,998987
2010/01/13,60.40141802118402,60.40141802118402,60.20141802118402,60.30141802118402,2072987
2010/01/14,60.10625766711109,60.10625766711109,59.906257667111085,60.006257667111086,1986987
2010/01/15,59.08220422728312,59.08220422728312,58.88220422728312,58.98220422728312,2841485
2010/01/16,58.82649941798039,58.82649941798039,58.62649941798039,58.72649941798039,2265455
2010/01/17,58.82649941798039,58.82649941798039,58.62649941798039,58.72649941798039,2265455
2010/01/18,58.82649941798039,58.82649941798039,58.62649941798039,58.72649941798039,2265455
2010/01/19,58.86560454603951,58.86560454603951,58.66560454603951,58.76560454603951,1723455
2010/01/20,60.24669898395328,60.24669898395328,60.04669898395328,60.14669898395328,2558525
2010/01/21,60.348317626704805,60.348317626704805,60.1483176267048,60.248317626704804,3730016
2010/01/22,59.96990972814131,59.96990972814131,59.76990972814131,59.86990972814131,3978016
2010/01/23,60.267507609363776,60.267507609363776,60.06750760936377,60.167507609363774,4051016
2010/01/24,60.267507609363776,60.267507609363776,60.06750760936377,60.167507609363774,4051016
2010/01/25,60.267507609363776,60.267507609363776,60.06750760936377,60.167507609363774,4051016
2010/01/26,62.424624102134764,62.424624102134764,62.22462410213476,62.32462410213476,4389096
2010/01/27,62.55130432350231,62.55130432350231,62.351304323502305,62.451304323502306,6849096
2010/01/28,62.58340543872883,62.58340543872883,62.38340543872883,62.48340543872883,6683692
2010/01/29,62.7394184785222,62.7394184785222,62.539418478522194,62.639418478522195,6205692
2010/01/30,62.824940085471496,62.824940085471496,62.62494008547149,62.724940085471495,6078692
2010/01/31,62.824940085471496,62.824940085471496,62.62494008547149,62.724940085471495,6078692
2010/02/01,62.824940085471496,62.824940085471496,62.62494008547149,62.724940085471495,6078692
2010/02/02,62.825809418849225,62.825809418849225,62.62580941884922,62.725809418849224,5882361
2010/02/03,62.479030382388686,62.479030382388686,62.27903038238868,62.379030382388684,6450361
2010/02/04,62.56565886646624,62.56565886646624,62.365658866466234,62.465658866466235,6014361
2010/02/05,62.34429873183369,62.34429873183369,62.144298731833686,62.24429873183369,6181361
2010/02/06,62.58854216373512,62.58854216373512,62.38854216373512,62.48854216373512,5522361
2010/02/07,62.58854216373512,62.58854216373512,62.38854216373512,62.48854216373512,5522361
2010/02/08,62.58854216373512,62.58854216373512,62.38854216373512,62.48854216373512,5522361
2010/02/09,62.72366148681782,62.72366148681782,62.523661486817815,62.62366148681782,4710442
2010/02/10,62.637050122977996,62.637050122977996,62.43705012297799,62.537050122977995,4372418
2010/02/11,62.86426923979764,62.86426923979764,62.66426923979764,62.76426923979764,2971418
2010/02/12,62.86426923979764,62.86426923979764,62.66426923979764,62.76426923979764,2971418
2010/02/13,62.86426923979764,62.86426923979764,62.66426923979764,62.76426923979764,2971418
2010/02/14,62.86426923979764,62.86426923979764,62.66426923979764,62.76426923979764,2971418
2010/02/15,62.86426923979764,62.86426923979764,62.66426923979764,62.76426923979764,2971418
2010/02/16,62.86426923979764,62.86426923979764,62.66426923979764,62.76426923979764,2971418
2010/02/17,62.86426923979764,62.86426923979764,62.66426923979764,62.76426923979764,2971418
2010/02/18,62.86426923979764,62.86426923979764,62.66426923979764,62.76426923979764,2971418
2010/02/19,62.86426923979764,62.86426923979764,62.66426923979764,62.76426923979764,2971418
2010/02/20,62.86426923979764,62.86426923979764,62.66426923979764,62.76426923979764,2971418
2010/02/21,62.86426923979764,62.86426923979764,62.66426923979764,62.76426923979764,2971418
2010/02/22,62.86426923979764,62.86426923979764,62.66426923979764,62.76426923979764,2971418
2010/02/23,62.91469079000556,62.91469079000556,62.714690790005555,62.81469079000556,2269418
2010/02/24,62.94035324550533,62.94035324550533,62.740353245505325,62.84035324550533,2312418
2010/02/25,63.06796319707829,63.06796319707829,62.86796319707829,62.96796319707829,3313418
2010/02/26,62.9653027506938,62.9653027506938,62.7653027506938,62.8653027506938,3215418
2010/02/27,63.0947935047248,63.0947935047248,62.894793504724795,62.9947935047248,3189418
2010/02/28,63.0947935047248,63.0947935047248,62.894793504724795,62.9947935047248,3189418
2010/03/01,63.0947935047248,63.0947935047248,62.894793504724795,62.9947935047248,3189418
2010/03/02,62.89453634013427,62.89453634013427,62.69453634013427,62.79453634013427,3539418
2010/03/03,63.06094366522163,63.06094366522163,62.860943665221626,62.96094366522163,2955418
2010/03/04,62.936251697346066,62.936251697346066,62.73625169734606,62.836251697346064,2268418
2010/03/05,63.074688827253894,63.074688827253894,62.87468882725389,62.97468882725389,2445418
2010/03/06,63.210411107985784,63.210411107985784,63.01041110798578,63.11041110798578,2606544
2010/03/07,63.210411107985784,63.210411107985784,63.01041110798578,63.11041110798578,2606544
2010/03/08,63.210411107985784,63.210411107985784,63.01041110798578,63.11041110798578,2606544
2010/03/09,63.25306566936269,63.25306566936269,63.05306566936269,63.15306566936269,2249544
2010/03/10,63.27204616220616,63.27204616220616,63.072046162206156,63.17204616220616,2308544
2010/03/11,63.335704842691364,63.335704842691364,63.13570484269136,63.23570484269136,3348544
2010/03/12,63.45094621936621,63.45094621936621,63.250946219366206,63.35094621936621,3598544
2010/03/13,63.53592769423693,63.53592769423693,63.33592769423693,63.43592769423693,4125544
2010/03/14,63.53592769423693,63.53592769423693,63.33592769423693,63.43592769423693,4125544
2010/03/15,63.53592769423693,63.53592769423693,63.33592769423693,63.43592769423693,4125544
2010/03/16,63.71415528945144,63.71415528945144,63.51415528945144,63.61415528945144,4209544
2010/03/17,63.80222390870162,63.80222390870162,63.60222390870162,63.70222390870162,3065544
2010/03/18,63.83979991073606,63.83979991073606,63.63979991073606,63.73979991073606,1957544
2010/03/19,63.87730881543869,63.87730881543869,63.677308815438685,63.77730881543869,1263524
2010/03/20,63.81382883113336,63.81382883113336,63.613828831133354,63.713828831133355,1446524
2010/03/21,63.81382883113336,63.81382883113336,63.613828831133354,63.713828831133355,1446524
2010/03/22,63.81382883113336,63.81382883113336,63.613828831133354,63.713828831133355,1446524
2010/03/23,63.81413737757799,63.81413737757799,63.61413737757799,63.71413737757799,1609524
2010/03/24,63.85775616927661,63.85775616927661,63.65775616927661,63.75775616927661,1264524
2010/03/25,63.78305155983791,63.78305155983791,63.583051559837905,63.68305155983791,1704149
2010/03/26,63.752782828802424,63.752782828802424,63.55278282880242,63.65278282880242,1061149
2010/03/27,63.673784606182465,63.673784606182465,63.47378460618246,63.573784606182464,1288149
2010/03/28,63.673784606182465,63.673784606182465,63.47378460618246,63.573784606182464,1288149
2010/03/29,63.673784606182465,63.673784606182465,63.47378460618246,63.573784606182464,1288149
2010/03/30,63.696289505509284,63.696289505509284,63.49628950550928,63.59628950550928,992149
2010/03/31,63.68535941926187,63.68535941926187,63.48535941926187,63.58535941926187,1083149
2010/04/01,63.70925978210228,63.70925978210228,63.509259782102276,63.60925978210228,1123149
2010/04/02,63.70816829023198,63.70816829023198,63.50816829023198,63.60816829023198,540149
2010/04/03,63.66039794062991,63.66039794062991,63.46039794062991,63.56039794062991,408149
2010/04/04,63.66039794062991,63.66039794062991,63.46039794062991,63.56039794062991,408149
2010/04/05,63.66039794062991,63.66039794062991,63.46039794062991,63.56039794062991,408149
2010/04/06,63.66039794062991,63.66039794062991,63.46039794062991,63.56039794062991,408149
2010/04/07,65.95284767931614,66.15284767931612,65.95284767931614,66.05284767931613,339851
2010/04/08,66.58428697163423,66.78428697163422,66.58428697163423,66.68428697163422,1264851
2010/04/09,66.9392614373196,67.13926143731959,66.9392614373196,67.0392614373196,1203851
2010/04/10,66.76169377206404,66.96169377206402,66.76169377206404,66.86169377206403,1568851
2010/04/11,66.76169377206404,66.96169377206402,66.76169377206404,66.86169377206403,1568851
2010/04/12,66.76169377206404,66.96169377206402,66.76169377206404,66.86169377206403,1568851
2010/04/13,66.71338231983522,66.91338231983521,66.71338231983522,66.81338231983521,2398851
2010/04/14,66.71889895581452,66.91889895581451,66.71889895581452,66.81889895581452,2024851
2010/04/15,66.46044807503802,66.660448075038,66.46044807503802,66.56044807503801,2464851
2010/04/16,66.64163073130774,66.84163073130773,66.64163073130774,66.74163073130774,2090009
2010/04/17,66.3116952404844,66.51169524048439,66.3116952404844,66.41169524048439,2362009
2010/04/18,66.3116952404844,66.51169524048439,66.3116952404844,66.41169524048439,2362009
2010/04/19,66.3116952404844,66.51169524048439,66.3116952404844,66.41169524048439,2362009
2010/04/20,66.25338852100214,66.45338852100213,66.25338852100214,66.35338852100213,2073009
2010/04/21,66.22637531060079,66.42637531060078,66.22637531060079,66.32637531060078,1583009
2010/04/22,66.26228531678957,66.46228531678956,66.26228531678957,66.36228531678957,1508009
2010/04/23,66.24123013840317,66.44123013840316,66.24123013840317,66.34123013840316,1433009
2010/04/24,66.18099166882932,66.38099166882931,66.18099166882932,66.28099166882932,1371009
2010/04/25,66.18099166882932,66.38099166882931,66.18099166882932,66.28099166882932,1371009
2010/04/26,66.18099166882932,66.38099166882931,66.18099166882932,66.28099166882932,1371009
2010/04/27,66.08718702541795,66.28718702541794,66.08718702541795,66.18718702541794,1604009
2010/04/28,65.65677665863127,65.85677665863126,65.65677665863127,65.75677665863127,2270009
2010/04/29,65.66192112197334,65.86192112197332,65.66192112197334,65.76192112197333,2139170
2010/04/30,65.55769285540217,65.75769285540215,65.55769285540217,65.65769285540216,2083170
2010/05/01,65.4627554113567,65.66275541135668,65.4627554113567,65.56275541135669,2297170
2010/05/02,65.4627554113567,65.66275541135668,65.4627554113567,65.56275541135669,2297170
2010/05/03,65.4627554113567,65.66275541135668,65.4627554113567,65.56275541135669,2297170
2010/05/04,65.34708861757457,65.54708861757456,65.34708861757457,65.44708861757456,2110170
2010/05/05,65.350634792448,65.550634792448,65.350634792448,65.450634792448,2024170
2010/05/06,65.35226758882213,65.55226758882212,65.35226758882213,65.45226758882212,1256170
2010/05/07,65.34722472119385,65.54722472119384,65.34722472119385,65.44722472119385,615170
2010/05/08,65.32731995404176,65.52731995404174,65.32731995404176,65.42731995404175,642140
2010/05/09,65.32731995404176,65.52731995404174,65.32731995404176,65.42731995404175,642140
2010/05/10,65.32731995404176,65.52731995404174,65.32731995404176,65.42731995404175,642140
2010/05/11,65.31741871916229,65.51741871916228,65.31741871916229,65.41741871916228,495140
2010/05/12,61.19933527267302,61.19933527267302,60.999335272673015,61.09933527267302,834860
2010/05/13,61.67643871260586,61.67643871260586,61.476438712605855,61.57643871260586,865860
2010/05/14,61.52954797716144,61.52954797716144,61.32954797716144,61.42954797716144,807860
2010/05/15,61.423566297837525,61.423566297837525,61.22356629783752,61.32356629783752,312860
2010/05/16,61.423566297837525,61.423566297837525,61.22356629783752,61.32356629783752,312860
2010/05/17,61.423566297837525,61.423566297837525,61.22356629783752,61.32356629783752,312860
2010/05/18,61.7923767356414,61.7923767356414,61.592376735641395,61.692376735641396,684860
2010/05/19,61.68740811643614,61.68740811643614,61.487408116436136,61.58740811643614,315860
2010/05/20,62.37409304954196,62.574093049541965,62.37409304954196,62.47409304954196,825140
2010/05/21,58.39477534732209,58.39477534732209,58.194775347322086,58.29477534732209,720240
2010/05/22,60.23154969050822,60.23154969050822,60.031549690508214,60.131549690508216,1786240
2010/05/23,60.23154969050822,60.23154969050822,60.031549690508214,60.131549690508216,1786240
2010/05/24,60.23154969050822,60.23154969050822,60.031549690508214,60.131549690508216,1786240
2010/05/25,59.57772218118784,59.57772218118784,59.377722181187835,59.477722181187836,1703570
2010/05/26,59.237059223323534,59.237059223323534,59.03705922332353,59.13705922332353,1288830
2010/05/27,60.436933637031366,60.436933637031366,60.23693363703136,60.336933637031365,1639830
2010/05/28,59.46618085997988,59.46618085997988,59.266180859979876,59.36618085997988,487830
2010/05/29,59.880768889525726,59.880768889525726,59.68076888952572,59.780768889525724,661830
2010/05/30,59.880768889525726,59.880768889525726,59.68076888952572,59.780768889525724,661830
2010/05/31,59.880768889525726,59.880768889525726,59.68076888952572,59.780768889525724,661830
2010/06/01,59.849371110010516,59.849371110010516,59.64937111001051,59.749371110010514,393332
2010/06/02,59.393832501493605,59.393832501493605,59.1938325014936,59.293832501493604,1454332
2010/06/03,60.25758885727366,60.25758885727366,60.05758885727366,60.15758885727366,1787332
2010/06/04,58.92443746373732,58.92443746373732,58.72443746373732,58.82443746373732,223782
2010/06/05,44.818044312036065,44.91804431203606,44.818044312036065,44.86804431203606,113218
2010/06/06,44.818044312036065,44.91804431203606,44.818044312036065,44.86804431203606,113218
2010/06/07,44.818044312036065,44.91804431203606,44.818044312036065,44.86804431203606,113218
2010/06/08,50.99532485531003,50.99532485531003,50.79532485531003,50.89532485531003,209782
2010/06/09,57.667191136842625,57.667191136842625,57.46719113684262,57.567191136842624,82782
2010/06/10,51.280110679891656,51.48011067989166,51.280110679891656,51.38011067989166,944218
2010/06/11,56.70875290841762,56.908752908417625,56.70875290841762,56.808752908417624,3498218
2010/06/12,56.41355194479427,56.613551944794274,56.41355194479427,56.51355194479427,3477098
2010/06/13,56.41355194479427,56.613551944794274,56.41355194479427,56.51355194479427,3477098
2010/06/14,56.41355194479427,56.613551944794274,56.41355194479427,56.51355194479427,3477098
2010/06/15,55.7593610125999,55.959361012599906,55.7593610125999,55.859361012599905,3623098
2010/06/16,55.782247762955784,55.98224776295579,55.782247762955784,55.882247762955785,3630098
2010/06/17,55.782247762955784,55.98224776295579,55.782247762955784,55.882247762955785,3630098
2010/06/18,55.392130253524364,55.59213025352437,55.392130253524364,55.492130253524365,4401138
2010/06/19,55.72393538949877,55.92393538949877,55.72393538949877,55.82393538949877,4601148
2010/06/20,55.72393538949877,55.92393538949877,55.72393538949877,55.82393538949877,4601148
2010/06/21,55.72393538949877,55.92393538949877,55.72393538949877,55.82393538949877,4601148
2010/06/22,55.354511134241065,55.55451113424107,55.354511134241065,55.454511134241066,4173148
2010/06/23,55.10339985832222,55.30339985832222,55.10339985832222,55.20339985832222,4044148
2010/06/24,54.70641062204998,54.90641062204998,54.70641062204998,54.80641062204998,3951148
2010/06/25,53.921203836114096,54.1212038361141,53.921203836114096,54.0212038361141,3252229
2010/06/26,53.376903583027044,53.57690358302705,53.376903583027044,53.476903583027045,2783205
2010/06/27,53.376903583027044,53.57690358302705,53.376903583027044,53.476903583027045,2783205
2010/06/28,53.376903583027044,53.57690358302705,53.376903583027044,53.476903583027045,2783205
2010/06/29,53.22771840346201,53.427718403462016,53.22771840346201,53.327718403462015,2594205
2010/06/30,53.555719307051916,53.75571930705192,53.555719307051916,53.65571930705192,2218205
2010/07/01,53.36225694043539,53.56225694043539,53.36225694043539,53.46225694043539,2517205
2010/07/02,53.20635866598035,53.406358665980356,53.20635866598035,53.306358665980355,3318205
2010/07/03,52.85219974771697,53.052199747716976,52.85219974771697,52.952199747716975,3596205
2010/07/04,52.85219974771697,53.052199747716976,52.85219974771697,52.952199747716975,3596205
2010/07/05,52.85219974771697,53.052199747716976,52.85219974771697,52.952199747716975,3596205
2010/07/06,52.80012609759041,53.00012609759041,52.80012609759041,52.90012609759041,3612205
2010/07/07,52.765357697068225,52.96535769706823,52.765357697068225,52.86535769706823,3490205
2010/07/08,52.754523685707234,52.95452368570724,52.754523685707234,52.854523685707235,3217205
2010/07/09,53.009368569461,53.209368569461006,53.009368569461,53.109368569461004,3636007
2010/07/10,53.05470133360935,53.254701333609354,53.05470133360935,53.15470133360935,3909007
2010/07/11,53.05470133360935,53.254701333609354,53.05470133360935,53.15470133360935,3909007
2010/07/12,53.05470133360935,53.254701333609354,53.05470133360935,53.15470133360935,3909007
2010/07/13,53.2452340051893,53.445234005189306,53.2452340051893,53.345234005189305,4425007
2010/07/14,53.24635555553768,53.446355555537686,53.24635555553768,53.346355555537684,3960007
2010/07/15,53.309899575203815,53.50989957520382,53.309899575203815,53.409899575203816,3645007
2010/07/16,53.32912267051733,53.52912267051733,53.32912267051733,53.42912267051733,3830007
2010/07/17,53.3880561032626,53.5880561032626,53.3880561032626,53.4880561032626,3895007
2010/07/18,53.3880561032626,53.5880561032626,53.3880561032626,53.4880561032626,3895007
2010/07/19,53.3880561032626,53.5880561032626,53.3880561032626,53.4880561032626,3895007
2010/07/20,53.90631791140564,54.10631791140564,53.90631791140564,54.00631791140564,4524967
2010/07/21,54.42712015414574,54.62712015414574,54.42712015414574,54.52712015414574,5111967
2010/07/22,54.0400332678066,54.2400332678066,54.0400332678066,54.1400332678066,4704967
2010/07/23,53.85097020804539,54.05097020804539,53.85097020804539,53.95097020804539,3935967
2010/07/24,53.779504836304035,53.97950483630404,53.779504836304035,53.87950483630404,3255947
2010/07/25,53.779504836304035,53.97950483630404,53.779504836304035,53.87950483630404,3255947
2010/07/26,53.779504836304035,53.97950483630404,53.779504836304035,53.87950483630404,3255947
2010/07/27,53.80694127299626,54.006941272996265,53.80694127299626,53.906941272996264,3156947
2010/07/28,53.77365585776238,53.97365585776238,53.77365585776238,53.87365585776238,3134947
2010/07/29,53.961075134687974,54.16107513468798,53.961075134687974,54.061075134687975,2989947
2010/07/30,53.974353650923405,54.17435365092341,53.974353650923405,54.074353650923406,2985572
2010/07/31,54.51245714589692,54.71245714589692,54.51245714589692,54.61245714589692,2019572
2010/08/01,54.51245714589692,54.71245714589692,54.51245714589692,54.61245714589692,2019572
2010/08/02,54.51245714589692,54.71245714589692,54.51245714589692,54.61245714589692,2019572
2010/08/03,54.49048238377534,54.69048238377534,54.49048238377534,54.59048238377534,1628572
2010/08/04,54.6308380487814,54.8308380487814,54.6308380487814,54.7308380487814,1308572
2010/08/05,54.414309572198924,54.61430957219893,54.414309572198924,54.514309572198925,971572
2010/08/06,54.420483956754744,54.62048395675475,54.420483956754744,54.520483956754745,779572
2010/08/07,55.12175419211196,55.32175419211196,55.12175419211196,55.22175419211196,216572
2010/08/08,55.12175419211196,55.32175419211196,55.12175419211196,55.22175419211196,216572
2010/08/09,55.12175419211196,55.32175419211196,55.12175419211196,55.22175419211196,216572
2010/08/10,55.12444592692668,55.324445926926686,55.12444592692668,55.224445926926684,61572
2010/08/11,59.1013692951143,59.1013692951143,58.9013692951143,59.0013692951143,493428
2010/08/12,57.913286495830505,57.913286495830505,57.7132864958305,57.8132864958305,1045428
2010/08/13,58.04749176565753,58.04749176565753,57.84749176565753,57.94749176565753,1267428
2010/08/14,57.87799616678248,57.87799616678248,57.67799616678248,57.77799616678248,1736428
2010/08/15,57.87799616678248,57.87799616678248,57.67799616678248,57.77799616678248,1736428
2010/08/16,57.87799616678248,57.87799616678248,57.67799616678248,57.77799616678248,1736428
2010/08/17,57.5909845885392,57.5909845885392,57.3909845885392,57.4909845885392,2523428
2010/08/18,57.643997737653464,57.643997737653464,57.44399773765346,57.54399773765346,2173428
2010/08/19,57.96638906808934,57.96638906808934,57.76638906808934,57.86638906808934,2832428
2010/08/20,58.03166903209912,58.03166903209912,57.831669032099114,57.931669032099116,2635428
2010/08/21,58.243656237943775,58.243656237943775,58.04365623794377,58.14365623794377,2682428
2010/08/22,58.243656237943775,58.243656237943775,58.04365623794377,58.14365623794377,2682428
2010/08/23,58.243656237943775,58.243656237943775,58.04365623794377,58.14365623794377,2682428
2010/08/24,58.60412847640113,58.60412847640113,58.40412847640113,58.50412847640113,2123428
2010/08/25,59.59012947293232,59.59012947293232,59.390129472932315,59.49012947293232,1931428
2010/08/26,59.920726680801245,59.920726680801245,59.72072668080124,59.82072668080124,2555428
2010/08/27,59.967120780453214,59.967120780453214,59.76712078045321,59.86712078045321,2852428
2010/08/28,60.268765619468454,60.268765619468454,60.06876561946845,60.16876561946845,2829428
2010/08/29,60.268765619468454,60.268765619468454,60.06876561946845,60.16876561946845,2829428
2010/08/30,60.268765619468454,60.268765619468454,60.06876561946845,60.16876561946845,2829428
2010/08/31,60.14698672843011,60.14698672843011,59.946986728430105,60.046986728430106,2934308
2010/09/01,60.07175973011441,60.07175973011441,59.871759730114405,59.97175973011441,3042308
2010/09/02,60.19275586279937,60.19275586279937,59.99275586279937,60.09275586279937,2944078
2010/09/03,60.56098316814134,60.56098316814134,60.36098316814134,60.46098316814134,2738078
2010/09/04,60.64361593686668,60.64361593686668,60.44361593686668,60.54361593686668,2763078
2010/09/05,60.64361593686668,60.64361593686668,60.44361593686668,60.54361593686668,2763078
2010/09/06,60.64361593686668,60.64361593686668,60.44361593686668,60.54361593686668,2763078
2010/09/07,61.12071358328128,61.12071358328128,60.92071358328128,61.02071358328128,1587078
2010/09/08,61.37398931491307,61.37398931491307,61.173989314913065,61.27398931491307,1640078
2010/09/09,61.84325616966093,61.84325616966093,61.64325616966093,61.74325616966093,934078
2010/09/10,63.34368502646732,63.34368502646732,63.14368502646732,63.24368502646732,227078
2010/09/11,61.519086758040594,61.519086758040594,61.31908675804059,61.41908675804059,97078
2010/09/12,61.519086758040594,61.519086758040594,61.31908675804059,61.41908675804059,97078
2010/09/13,61.519086758040594,61.519086758040594,61.31908675804059,61.41908675804059,97078
2010/09/14,63.09728362734751,63.29728362734751,63.09728362734751,63.19728362734751,5922
2010/09/15,57.51463918654515,57.714639186545156,57.51463918654515,57.614639186545155,974922
2010/09/16,57.69300550444326,57.893005504443266,57.69300550444326,57.793005504443265,750922
2010/09/17,58.34958906449882,58.549589064498825,58.34958906449882,58.449589064498824,539922
2010/09/18,62.27262403458044,62.47262403458044,62.27262403458044,62.37262403458044,103922
2010/09/19,62.27262403458044,62.47262403458044,62.27262403458044,62.37262403458044,103922
2010/09/20,62.27262403458044,62.47262403458044,62.27262403458044,62.37262403458044,103922
2010/09/21,61.713560860144725,61.91356086014473,61.713560860144725,61.813560860144726,419922
2010/09/22,64.90856637476526,65.10856637476525,64.90856637476526,65.00856637476525,186922
2010/09/23,64.90856637476526,65.10856637476525,64.90856637476526,65.00856637476525,186922
2010/09/24,65.1761040548393,65.1761040548393,64.97610405483931,65.0761040548393,368398
2010/09/25,62.91770468063238,63.117704680632386,62.91770468063238,63.017704680632384,592302
2010/09/26,62.91770468063238,63.117704680632386,62.91770468063238,63.017704680632384,592302
2010/09/27,62.91770468063238,63.117704680632386,62.91770468063238,63.017704680632384,592302
2010/09/28,64.52861547408679,64.72861547408678,64.52861547408679,64.62861547408679,395302
2010/09/29,62.89770243748476,63.09770243748476,62.89770243748476,62.99770243748476,503632
2010/09/30,63.41387904221081,63.61387904221081,63.41387904221081,63.51387904221081,402442
2010/10/01,67.97170772139773,67.97170772139773,67.77170772139775,67.87170772139774,236558
2010/10/02,66.03057621942057,66.03057621942057,65.83057621942058,65.93057621942057,695108
2010/10/03,66.03057621942057,66.03057621942057,65.83057621942058,65.93057621942057,695108
2010/10/04,66.03057621942057,66.03057621942057,65.83057621942058,65.93057621942057,695108
2010/10/05,65.51702258128599,65.51702258128599,65.317022581286,65.41702258128599,97108
2010/10/06,64.33669906821264,64.33669906821264,64.13669906821265,64.23669906821264,319108
2010/10/07,65.7032631050998,65.7032631050998,65.5032631050998,65.6032631050998,105108
2010/10/08,64.80183199038004,64.80183199038004,64.60183199038005,64.70183199038004,276867
2010/10/09,63.140976783108954,63.140976783108954,62.94097678310895,63.04097678310895,854867
2010/10/10,63.140976783108954,63.140976783108954,62.94097678310895,63.04097678310895,854867
2010/10/11,63.140976783108954,63.140976783108954,62.94097678310895,63.04097678310895,854867
2010/10/12,63.40729127222404,63.40729127222404,63.20729127222404,63.30729127222404,570867
2010/10/13,63.77629974609018,63.77629974609018,63.57629974609018,63.67629974609018,216867
2010/10/14,63.47964813012641,63.47964813012641,63.279648130126404,63.379648130126405,482867
2010/10/15,64.98147362011713,65.18147362011712,64.98147362011713,65.08147362011712,73133
2010/10/16,66.61283486326788,66.81283486326787,66.61283486326788,66.71283486326787,270133
2010/10/17,66.61283486326788,66.81283486326787,66.61283486326788,66.71283486326787,270133
2010/10/18,66.61283486326788,66.81283486326787,66.61283486326788,66.71283486326787,270133
2010/10/19,34.22969504954279,34.22969504954279,34.129695049542796,34.179695049542794,22867
2010/10/20,65.45671139080842,65.45671139080842,65.25671139080843,65.35671139080843,606867
2010/10/21,65.56699943510729,65.56699943510729,65.3669994351073,65.4669994351073,649867
2010/10/22,63.80146558896937,63.80146558896937,63.60146558896937,63.70146558896937,1426867
2010/10/23,64.34712977422488,64.34712977422488,64.1471297742249,64.24712977422489,1526877
2010/10/24,64.34712977422488,64.34712977422488,64.1471297742249,64.24712977422489,1526877
2010/10/25,64.34712977422488,64.34712977422488,64.1471297742249,64.24712977422489,1526877
2010/10/26,64.5417332668252,64.5417332668252,64.34173326682522,64.44173326682521,889877
2010/10/27,64.48352320709691,64.48352320709691,64.28352320709692,64.38352320709691,826877
2010/10/28,64.27227095136811,64.27227095136811,64.07227095136813,64.17227095136812,954877
2010/10/29,66.21367673735368,66.21367673735368,66.01367673735369,66.11367673735369,1305877
2010/10/30,66.16221164606925,66.16221164606925,65.96221164606926,66.06221164606926,1278877
2010/10/31,66.16221164606925,66.16221164606925,65.96221164606926,66.06221164606926,1278877
2010/11/01,66.16221164606925,66.16221164606925,65.96221164606926,66.06221164606926,1278877
2010/11/02,65.62704656575649,65.62704656575649,65.4270465657565,65.52704656575649,697877
2010/11/03,65.28962708537951,65.28962708537951,65.08962708537952,65.18962708537951,870507
2010/11/04,65.0912678185967,65.0912678185967,64.89126781859672,64.99126781859671,1056587
2010/11/05,64.7902484542766,64.7902484542766,64.5902484542766,64.6902484542766,1222587
2010/11/06,64.45296708035038,64.45296708035038,64.25296708035039,64.35296708035038,1322587
2010/11/07,64.45296708035038,64.45296708035038,64.25296708035039,64.35296708035038,1322587
2010/11/08,64.45296708035038,64.45296708035038,64.25296708035039,64.35296708035038,1322587
2010/11/09,64.22296518120896,64.22296518120896,64.02296518120897,64.12296518120897,1380587
2010/11/10,64.21914920036784,64.21914920036784,64.01914920036785,64.11914920036784,1532792
2010/11/11,64.8425795106799,64.8425795106799,64.64257951067991,64.7425795106799,1446792
2010/11/12,64.1496183028798,64.1496183028798,63.949618302879806,64.04961830287981,1679594
2010/11/13,64.36099296172952,64.36099296172952,64.16099296172953,64.26099296172953,1813594
2010/11/14,64.36099296172952,64.36099296172952,64.16099296172953,64.26099296172953,1813594
2010/11/15,64.36099296172952,64.36099296172952,64.16099296172953,64.26099296172953,1813594
2010/11/16,63.91679746264237,63.91679746264237,63.71679746264237,63.81679746264237,2110594
2010/11/17,64.70770125382,64.70770125382,64.50770125382002,64.60770125382001,940594
2010/11/18,65.11099784389599,65.11099784389599,64.910997843896,65.01099784389599,664594
2010/11/19,65.33974928896752,65.33974928896752,65.13974928896754,65.23974928896753,480594
2010/11/20,65.97273155940763,65.97273155940763,65.77273155940765,65.87273155940764,490594
2010/11/21,65.97273155940763,65.97273155940763,65.77273155940765,65.87273155940764,490594
2010/11/22,65.97273155940763,65.97273155940763,65.77273155940765,65.87273155940764,490594
2010/11/23,66.03679358431519,66.03679358431519,65.8367935843152,65.9367935843152,406044
2010/11/24,66.41098787203182,66.41098787203182,66.21098787203184,66.31098787203183,663044
2010/11/25,66.19365910842758,66.19365910842758,65.9936591084276,66.09365910842759,555044
2010/11/26,65.6812575351162,65.6812575351162,65.48125753511621,65.58125753511621,727044
2010/11/27,66.09950355684134,66.09950355684134,65.89950355684135,65.99950355684135,540044
2010/11/28,66.09950355684134,66.09950355684134,65.89950355684135,65.99950355684135,540044
2010/11/29,66.09950355684134,66.09950355684134,65.89950355684135,65.99950355684135,540044
2010/11/30,66.13737133321123,66.13737133321123,65.93737133321125,66.03737133321124,366044
2010/12/01,66.57415682515253,66.57415682515253,66.37415682515254,66.47415682515253,145044
2010/12/02,70.45429644738792,70.6542964473879,70.45429644738792,70.55429644738791,248956
2010/12/03,70.56131632084819,70.76131632084818,70.56131632084819,70.66131632084819,278956
2010/12/04,69.04074462214935,69.24074462214934,69.04074462214935,69.14074462214934,343956
2010/12/05,69.04074462214935,69.24074462214934,69.04074462214935,69.14074462214934,343956
2010/12/06,69.04074462214935,69.24074462214934,69.04074462214935,69.14074462214934,343956
2010/12/07,69.03541324848113,69.23541324848112,69.03541324848113,69.13541324848113,368956
2010/12/08,68.84523678062862,69.04523678062861,68.84523678062862,68.94523678062862,259956
2010/12/09,73.26045233920878,73.26045233920878,73.0604523392088,73.16045233920879,193044
2010/12/10,70.83748286967563,71.03748286967561,70.83748286967563,70.93748286967562,174956
2010/12/11,68.54601859264312,68.74601859264311,68.54601859264312,68.64601859264312,108956
2010/12/12,68.54601859264312,68.74601859264311,68.54601859264312,68.64601859264312,108956
2010/12/13,68.54601859264312,68.74601859264311,68.54601859264312,68.64601859264312,108956
2010/12/14,70.69817194367306,70.89817194367305,70.69817194367306,70.79817194367305,124956
2010/12/15,70.50798709206187,70.70798709206186,70.50798709206187,70.60798709206186,2208
2010/12/16,70.67572826497384,70.67572826497384,70.47572826497385,70.57572826497385,356792
2010/12/17,71.63676218627401,71.63676218627401,71.43676218627402,71.53676218627402,755792
2010/12/18,71.7492387444239,71.7492387444239,71.54923874442392,71.64923874442391,1372792
2010/12/19,71.7492387444239,71.7492387444239,71.54923874442392,71.64923874442391,1372792
2010/12/20,71.7492387444239,71.7492387444239,71.54923874442392,71.64923874442391,1372792
2010/12/21,71.6816711677654,71.6816711677654,71.48167116776541,71.5816711677654,1636792
2010/12/22,71.58828846153389,71.58828846153389,71.3882884615339,71.4882884615339,1696792
2010/12/23,71.8330559675437,71.8330559675437,71.63305596754371,71.7330559675437,1313792
2010/12/24,71.80455521928448,71.80455521928448,71.60455521928449,71.70455521928449,1550792
2010/12/25,71.52225212104247,71.52225212104247,71.32225212104248,71.42225212104248,1590792
2010/12/26,71.52225212104247,71.52225212104247,71.32225212104248,71.42225212104248,1590792
2010/12/27,71.52225212104247,71.52225212104247,71.32225212104248,71.42225212104248,1590792
2010/12/28,71.76490500492794,71.76490500492794,71.56490500492795,71.66490500492795,1756699
2010/12/29,71.6960894311498,71.6960894311498,71.49608943114981,71.5960894311498,1711699
2010/12/30,71.69224535375976,71.69224535375976,71.49224535375977,71.59224535375976,1130287
2010/12/31,71.79640478950783,71.79640478950783,71.59640478950784,71.69640478950784,1252287
2011/01/01,71.99371217344496,71.99371217344496,71.79371217344497,71.89371217344497,1167287
2011/01/02,71.99371217344496,71.99371217344496,71.79371217344497,71.89371217344497,1167287
2011/01/03,71.99371217344496,71.99371217344496,71.79371217344497,71.89371217344497,1167287
2011/01/04,72.00382337702582,72.00382337702582,71.80382337702584,71.90382337702583,1079407
2011/01/05,72.02302309452864,72.02302309452864,71.82302309452865,71.92302309452865,1038407
2011/01/06,72.06284419503535,72.06284419503535,71.86284419503536,71.96284419503536,843407
2011/01/07,72.22879999795127,72.22879999795127,72.02879999795128,72.12879999795128,234407
2011/01/08,71.98971996032606,71.98971996032606,71.78971996032607,71.88971996032606,109407
2011/01/09,71.98971996032606,71.98971996032606,71.78971996032607,71.88971996032606,109407
2011/01/10,71.98971996032606,71.98971996032606,71.78971996032607,71.88971996032606,109407
2011/01/11,71.80880474028336,71.80880474028336,71.60880474028338,71.70880474028337,433407
2011/01/12,71.65633321097091,71.8563332109709,71.65633321097091,71.75633321097091,80593
2011/01/13,71.50126064714398,71.70126064714397,71.50126064714398,71.60126064714397,97593
2011/01/14,72.83617288050952,72.83617288050952,72.63617288050953,72.73617288050953,325407
2011/01/15,72.8244885772412,72.8244885772412,72.62448857724121,72.7244885772412,374407
2011/01/16,72.8244885772412,72.8244885772412,72.62448857724121,72.7244885772412,374407
2011/01/17,72.8244885772412,72.8244885772412,72.62448857724121,72.7244885772412,374407
2011/01/18,73.23043796190612,73.23043796190612,73.03043796190613,73.13043796190613,281247
2011/01/19,73.94762828697502,74.147628286975,73.94762828697502,74.04762828697501,372753
2011/01/20,73.33290268997239,73.53290268997237,73.33290268997239,73.43290268997238,85753
2011/01/21,83.17828552836265,83.17828552836265,82.97828552836266,83.07828552836266,94247
2011/01/22,81.62595371769878,81.62595371769878,81.42595371769879,81.52595371769878,121247
2011/01/23,81.62595371769878,81.62595371769878,81.42595371769879,81.52595371769878,121247
2011/01/24,81.62595371769878,81.62595371769878,81.42595371769879,81.52595371769878,121247
2011/01/25,77.94686223235696,77.94686223235696,77.74686223235697,77.84686223235697,197247
2011/01/26,78.40158086920582,78.40158086920582,78.20158086920583,78.30158086920582,517247
2011/01/27,79.02123273871217,79.02123273871217,78.82123273871218,78.92123273871218,708927
2011/01/28,79.01232047856682,79.01232047856682,78.81232047856683,78.91232047856683,1133247
2011/01/29,79.10724283596925,79.10724283596925,78.90724283596926,79.00724283596925,517247
2011/01/30,79.10724283596925,79.10724283596925,78.90724283596926,79.00724283596925,517247
2011/01/31,79.10724283596925,79.10724283596925,78.90724283596926,79.00724283596925,517247
2011/02/01,79.10724283596925,79.10724283596925,78.90724283596926,79.00724283596925,517247
2011/02/02,79.10724283596925,79.10724283596925,78.90724283596926,79.00724283596925,517247
2011/02/03,79.10724283596925,79.10724283596925,78.90724283596926,79.00724283596925,517247
2011/02/04,79.10724283596925,79.10724283596925,78.90724283596926,79.00724283596925,517247
2011/02/05,79.10724283596925,79.10724283596925,78.90724283596926,79.00724283596925,517247
2011/02/06,79.10724283596925,79.10724283596925,78.90724283596926,79.00724283596925,517247
2011/02/07,79.10724283596925,79.10724283596925,78.90724283596926,79.00724283596925,517247
2011/02/08,79.10724283596925,79.10724283596925,78.90724283596926,79.00724283596925,517247
2011/02/09,80.13049451688123,80.13049451688123,79.93049451688124,80.03049451688123,573247
2011/02/10,79.94327122239261,79.94327122239261,79.74327122239262,79.84327122239262,266797
2011/02/11,80.83973029839646,80.83973029839646,80.63973029839647,80.73973029839647,237797
2011/02/12,80.51373901057504,80.51373901057504,80.31373901057505,80.41373901057504,426247
2011/02/13,80.51373901057504,80.51373901057504,80.31373901057505,80.41373901057504,426247
2011/02/14,80.51373901057504,80.51373901057504,80.31373901057505,80.41373901057504,426247
2011/02/15,78.78974510897618,78.78974510897618,78.58974510897619,78.68974510897618,1179247
2011/02/16,79.36440291738533,79.36440291738533,79.16440291738535,79.26440291738534,1435247
2011/02/17,80.88757667503408,80.88757667503408,80.6875766750341,80.78757667503409,1931247
2011/02/18,81.15856801484556,81.15856801484556,80.95856801484557,81.05856801484556,2060488
2011/02/19,81.01478612488954,81.01478612488954,80.81478612488955,80.91478612488955,2538488
2011/02/20,81.01478612488954,81.01478612488954,80.81478612488955,80.91478612488955,2538488
2011/02/21,81.01478612488954,81.01478612488954,80.81478612488955,80.91478612488955,2538488
2011/02/22,81.28747227798824,81.28747227798824,81.08747227798825,81.18747227798825,2699488
2011/02/23,80.94337476118633,80.94337476118633,80.74337476118635,80.84337476118634,2308488
2011/02/24,81.80890860489994,81.80890860489994,81.60890860489995,81.70890860489995,1310488
2011/02/25,81.8171464277383,81.8171464277383,81.6171464277383,81.7171464277383,180488
2011/02/26,87.11802681688505,87.31802681688504,87.11802681688505,87.21802681688504,977512
2011/02/27,87.11802681688505,87.31802681688504,87.11802681688505,87.21802681688504,977512
2011/02/28,87.11802681688505,87.31802681688504,87.11802681688505,87.21802681688504,977512
2011/03/01,87.11802681688505,87.31802681688504,87.11802681688505,87.21802681688504,977512
2011/03/02,85.30221991562408,85.50221991562407,85.30221991562408,85.40221991562407,1761512
2011/03/03,84.61233474894331,84.8123347489433,84.61233474894331,84.7123347489433,2200512
2011/03/04,84.88727652708887,85.08727652708886,84.88727652708887,84.98727652708887,3094512
2011/03/05,84.0969634240697,84.29696342406969,84.0969634240697,84.1969634240697,2586512
2011/03/06,84.0969634240697,84.29696342406969,84.0969634240697,84.1969634240697,2586512
2011/03/07,84.0969634240697,84.29696342406969,84.0969634240697,84.1969634240697,2586512
2011/03/08,84.92044601435921,85.1204460143592,84.92044601435921,85.02044601435921,2811434
2011/03/09,84.4603642465929,84.66036424659289,84.4603642465929,84.5603642465929,2543434
2011/03/10,84.6922236631983,84.8922236631983,84.6922236631983,84.7922236631983,2315434
2011/03/11,84.73171152786459,84.93171152786458,84.73171152786459,84.83171152786458,2311434
2011/03/12,84.01092579806998,84.21092579806997,84.01092579806998,84.11092579806997,2801434
2011/03/13,84.01092579806998,84.21092579806997,84.01092579806998,84.11092579806997,2801434
2011/03/14,84.01092579806998,84.21092579806997,84.01092579806998,84.11092579806997,2801434
2011/03/15,84.04805872480443,84.24805872480442,84.04805872480443,84.14805872480443,3613434
2011/03/16,83.90437594574081,84.1043759457408,83.90437594574081,84.0043759457408,4544434
2011/03/17,83.88416036436975,84.08416036436974,83.88416036436975,83.98416036436974,5190064
2011/03/18,83.86530854105992,84.0653085410599,83.86530854105992,83.96530854105991,5212144
2011/03/19,83.87333998901254,84.07333998901252,83.87333998901254,83.97333998901253,5169288
2011/03/20,83.87333998901254,84.07333998901252,83.87333998901254,83.97333998901253,5169288
2011/03/21,83.87333998901254,84.07333998901252,83.87333998901254,83.97333998901253,5169288
2011/03/22,83.95856380167972,84.1585638016797,83.95856380167972,84.05856380167971,4679288
2011/03/23,84.0398886614591,84.23988866145909,84.0398886614591,84.1398886614591,3929288
2011/03/24,84.01352486108048,84.21352486108047,84.01352486108048,84.11352486108048,3747493
2011/03/25,83.95650819472355,84.15650819472354,83.95650819472355,84.05650819472355,3694493
2011/03/26,84.12480734691684,84.32480734691683,84.12480734691684,84.22480734691683,3348493
2011/03/27,84.12480734691684,84.32480734691683,84.12480734691684,84.22480734691683,3348493
2011/03/28,84.12480734691684,84.32480734691683,84.12480734691684,84.22480734691683,3348493
2011/03/29,84.05239541493592,84.2523954149359,84.05239541493592,84.15239541493591,3187493
2011/03/30,84.0455443568819,84.2455443568819,84.0455443568819,84.1455443568819,3041493
2011/03/31,83.20188646322933,83.40188646322932,83.20188646322933,83.30188646322932,2172493
2011/04/01,82.73069732902448,82.93069732902447,82.73069732902448,82.83069732902447,1998493
2011/04/02,83.2155335742439,83.4155335742439,83.2155335742439,83.3155335742439,2180493
2011/04/03,83.2155335742439,83.4155335742439,83.2155335742439,83.3155335742439,2180493
2011/04/04,83.2155335742439,83.4155335742439,83.2155335742439,83.3155335742439,2180493
2011/04/05,83.2155335742439,83.4155335742439,83.2155335742439,83.3155335742439,2180493
2011/04/06,83.2155335742439,83.4155335742439,83.2155335742439,83.3155335742439,2180493
2011/04/07,83.87757081149604,84.07757081149603,83.87757081149604,83.97757081149604,2656493
2011/04/08,84.5054243132946,84.70542431329459,84.5054243132946,84.60542431329459,3048983
2011/04/09,84.7703230150368,84.97032301503678,84.7703230150368,84.87032301503679,3553983
2011/04/10,84.7703230150368,84.97032301503678,84.7703230150368,84.87032301503679,3553983
2011/04/11,84.7703230150368,84.97032301503678,84.7703230150368,84.87032301503679,3553983
2011/04/12,84.94814969902104,85.14814969902103,84.94814969902104,85.04814969902104,3310983
2011/04/13,85.3724132365517,85.57241323655168,85.3724132365517,85.47241323655169,4068983
2011/04/14,85.46482787396579,85.66482787396578,85.46482787396579,85.56482787396578,4615983
2011/04/15,85.58499203224305,85.78499203224304,85.58499203224305,85.68499203224304,4636983
2011/04/16,85.65206255785719,85.85206255785718,85.65206255785719,85.75206255785719,4380983
2011/04/17,85.65206255785719,85.85206255785718,85.65206255785719,85.75206255785719,4380983
2011/04/18,85.65206255785719,85.85206255785718,85.65206255785719,85.75206255785719,4380983
2011/04/19,85.90741975383844,86.10741975383843,85.90741975383844,86.00741975383843,3924119
2011/04/20,85.94432104919326,86.14432104919325,85.94432104919326,86.04432104919326,3796119
2011/04/21,85.81033609185673,86.01033609185671,85.81033609185673,85.91033609185672,3928119
2011/04/22,86.02009222069884,86.22009222069883,86.02009222069884,86.12009222069884,4488119
2011/04/23,85.89002600851916,86.09002600851915,85.89002600851916,85.99002600851915,4635119
2011/04/24,85.89002600851916,86.09002600851915,85.89002600851916,85.99002600851915,4635119
2011/04/25,85.89002600851916,86.09002600851915,85.89002600851916,85.99002600851915,4635119
2011/04/26,85.7308549221358,85.9308549221358,85.7308549221358,85.8308549221358,5174119
2011/04/27,85.66061978910108,85.86061978910107,85.66061978910108,85.76061978910107,4634119
2011/04/28,85.67869299564771,85.8786929956477,85.67869299564771,85.7786929956477,4780119
2011/04/29,85.7572301504404,85.9572301504404,85.7572301504404,85.8572301504404,4600119
2011/04/30,85.5546347723611,85.75463477236109,85.5546347723611,85.65463477236109,3939867
2011/05/01,85.5546347723611,85.75463477236109,85.5546347723611,85.65463477236109,3939867
2011/05/02,85.5546347723611,85.75463477236109,85.5546347723611,85.65463477236109,3939867
2011/05/03,85.5546347723611,85.75463477236109,85.5546347723611,85.65463477236109,3939867
2011/05/04,85.99648683081627,86.19648683081626,85.99648683081627,86.09648683081626,4387095
2011/05/05,85.61821451939257,85.81821451939255,85.61821451939257,85.71821451939256,5120095
2011/05/06,85.19593709316959,85.39593709316958,85.19593709316959,85.29593709316958,6421095
2011/05/07,85.20535269696128,85.40535269696127,85.20535269696128,85.30535269696128,6977095
2011/05/08,85.20535269696128,85.40535269696127,85.20535269696128,85.30535269696128,6977095
2011/05/09,85.20535269696128,85.40535269696127,85.20535269696128,85.30535269696128,6977095
2011/05/10,85.06727803807928,85.26727803807927,85.06727803807928,85.16727803807927,7455095
2011/05/11,85.05446936925938,85.25446936925937,85.05446936925938,85.15446936925937,7322095
2011/05/12,84.96944654858389,85.16944654858388,84.96944654858389,85.06944654858388,7968581
2011/05/13,84.93793687958568,85.13793687958567,84.93793687958568,85.03793687958567,8172581
2011/05/14,84.93977634018566,85.13977634018565,84.93977634018566,85.03977634018565,7482488
2011/05/15,84.93977634018566,85.13977634018565,84.93977634018566,85.03977634018565,7482488
2011/05/16,84.93977634018566,85.13977634018565,84.93977634018566,85.03977634018565,7482488
2011/05/17,84.91611014891265,85.11611014891264,84.91611014891265,85.01611014891265,7673488
2011/05/18,84.91476330136813,85.11476330136811,84.91476330136813,85.01476330136812,7843076
2011/05/19,84.80640581303855,85.00640581303854,84.80640581303855,84.90640581303855,8669076
2011/05/20,84.7856614124951,84.98566141249509,84.7856614124951,84.8856614124951,8996844
2011/05/21,84.73787476486609,84.93787476486608,84.73787476486609,84.83787476486609,9079844
2011/05/22,84.73787476486609,84.93787476486608,84.73787476486609,84.83787476486609,9079844
2011/05/23,84.73787476486609,84.93787476486608,84.73787476486609,84.83787476486609,9079844
2011/05/24,84.65344008056917,84.85344008056916,84.65344008056917,84.75344008056916,9257844
2011/05/25,84.37059762895171,84.5705976289517,84.37059762895171,84.47059762895171,9804844
2011/05/26,84.34156679198391,84.5415667919839,84.34156679198391,84.4415667919839,9326844
2011/05/27,84.3418289587742,84.54182895877419,84.3418289587742,84.4418289587742,9282844
2011/05/28,84.30142333763025,84.50142333763024,84.30142333763025,84.40142333763025,9394844
2011/05/29,84.30142333763025,84.50142333763024,84.30142333763025,84.40142333763025,9394844
2011/05/30,84.30142333763025,84.50142333763024,84.30142333763025,84.40142333763025,9394844
2011/05/31,83.62117154945454,83.82117154945453,83.62117154945454,83.72117154945454,10032844
2011/06/01,83.22820306526246,83.42820306526245,83.22820306526246,83.32820306526246,10864844
2011/06/02,83.19237310855226,83.39237310855225,83.19237310855226,83.29237310855225,11451844
2011/06/03,83.19584130812088,83.39584130812086,83.19584130812088,83.29584130812087,11415844
2011/06/04,83.19576650782543,83.39576650782541,83.19576650782543,83.29576650782542,11360684
2011/06/05,83.19576650782543,83.39576650782541,83.19576650782543,83.29576650782542,11360684
2011/06/06,83.19576650782543,83.39576650782541,83.19576650782543,83.29576650782542,11360684
2011/06/07,83.19576650782543,83.39576650782541,83.19576650782543,83.29576650782542,11360684
2011/06/08,83.17541170395893,83.37541170395892,83.17541170395893,83.27541170395892,10723684
2011/06/09,83.1787567547747,83.37875675477468,83.1787567547747,83.27875675477469,10987684
2011/06/10,83.14418997093897,83.34418997093896,83.14418997093897,83.24418997093896,11346684
2011/06/11,83.13701599234126,83.33701599234125,83.13701599234126,83.23701599234126,10977684
2011/06/12,83.13701599234126,83.33701599234125,83.13701599234126,83.23701599234126,10977684
2011/06/13,83.13701599234126,83.33701599234125,83.13701599234126,83.23701599234126,10977684
2011/06/14,83.0144079515837,83.2144079515837,83.0144079515837,83.1144079515837,11622684
2011/06/15,83.01692422421868,83.21692422421867,83.01692422421868,83.11692422421868,12042684
2011/06/16,82.94769450379616,83.14769450379615,82.94769450379616,83.04769450379615,12462684
2011/06/17,82.8399069047498,83.03990690474978,82.8399069047498,82.93990690474979,13305684
2011/06/18,82.66986481053787,82.86986481053786,82.66986481053787,82.76986481053787,13037684
2011/06/19,82.66986481053787,82.86986481053786,82.66986481053787,82.76986481053787,13037684
2011/06/20,82.66986481053787,82.86986481053786,82.66986481053787,82.76986481053787,13037684
2011/06/21,82.51094901094032,82.71094901094031,82.51094901094032,82.61094901094032,13735684
2011/06/22,82.07542655191268,82.27542655191267,82.07542655191268,82.17542655191268,14592684
2011/06/23,82.07966519509198,82.27966519509197,82.07966519509198,82.17966519509197,14551684
2011/06/24,81.81244908943955,82.01244908943954,81.81244908943955,81.91244908943955,15317684
2011/06/25,81.63110541657592,81.83110541657591,81.63110541657592,81.73110541657591,15758684
2011/06/26,81.63110541657592,81.83110541657591,81.63110541657592,81.73110541657591,15758684
2011/06/27,81.63110541657592,81.83110541657591,81.63110541657592,81.73110541657591,15758684
2011/06/28,81.67329240721843,81.87329240721841,81.67329240721843,81.77329240721842,15998684
2011/06/29,81.72021513713125,81.92021513713124,81.72021513713125,81.82021513713124,16622684
2011/06/30,81.33401782952112,81.5340178295211,81.33401782952112,81.43401782952111,17600684
2011/07/01,81.22398969250375,81.42398969250374,81.22398969250375,81.32398969250374,18328684
2011/07/02,81.25770071137308,81.45770071137306,81.25770071137308,81.35770071137307,18368684
2011/07/03,81.25770071137308,81.45770071137306,81.25770071137308,81.35770071137307,18368684
2011/07/04,81.25770071137308,81.45770071137306,81.25770071137308,81.35770071137307,18368684
2011/07/05,81.1343787641107,81.3343787641107,81.1343787641107,81.2343787641107,17598684
2011/07/06,80.98846878064171,81.1884687806417,80.98846878064171,81.0884687806417,15921853
2011/07/07,80.74665965755831,80.9466596575583,80.74665965755831,80.8466596575583,14699853
2011/07/08,80.3802423906005,80.58024239060049,80.3802423906005,80.4802423906005,13680853
2011/07/09,80.23094229508185,80.43094229508183,80.23094229508185,80.33094229508184,13090853
2011/07/10,80.23094229508185,80.43094229508183,80.23094229508185,80.33094229508184,13090853
2011/07/11,80.23094229508185,80.43094229508183,80.23094229508185,80.33094229508184,13090853
2011/07/12,80.11485488921984,80.31485488921983,80.11485488921984,80.21485488921984,16031853
2011/07/13,79.68885429130353,79.88885429130352,79.68885429130353,79.78885429130352,18420853
2011/07/14,79.76021812277429,79.96021812277428,79.76021812277429,79.86021812277428,18745853
2011/07/15,79.68338133684868,79.88338133684867,79.68338133684868,79.78338133684868,19329931
2011/07/16,79.63110755342284,79.83110755342283,79.63110755342284,79.73110755342283,17412931
2011/07/17,79.63110755342284,79.83110755342283,79.63110755342284,79.73110755342283,17412931
2011/07/18,79.63110755342284,79.83110755342283,79.63110755342284,79.73110755342283,17412931
2011/07/19,79.65115621957128,79.85115621957127,79.65115621957128,79.75115621957127,17909856
2011/07/20,79.6430621613947,79.84306216139468,79.6430621613947,79.74306216139469,17850856
2011/07/21,79.64314822961357,79.84314822961356,79.64314822961357,79.74314822961357,18176856
2011/07/22,79.43908279738436,79.63908279738435,79.43908279738436,79.53908279738435,17321856
2011/07/23,78.87541732610286,79.07541732610285,78.87541732610286,78.97541732610286,15601856
2011/07/24,78.87541732610286,79.07541732610285,78.87541732610286,78.97541732610286,15601856
2011/07/25,78.87541732610286,79.07541732610285,78.87541732610286,78.97541732610286,15601856
2011/07/26,78.70037901377361,78.9003790137736,78.70037901377361,78.80037901377361,14582856
2011/07/27,78.70013336841382,78.9001333684138,78.70013336841382,78.80013336841381,14383761
2011/07/28,78.70936902264542,78.90936902264541,78.70936902264542,78.80936902264541,14372617
2011/07/29,78.81398620333367,79.01398620333366,78.81398620333367,78.91398620333366,14595617
2011/07/30,79.02074616523403,79.22074616523402,79.02074616523403,79.12074616523402,15145617
2011/07/31,79.02074616523403,79.22074616523402,79.02074616523403,79.12074616523402,15145617
2011/08/01,79.02074616523403,79.22074616523402,79.02074616523403,79.12074616523402,15145617
2011/08/02,79.09284742132063,79.29284742132062,79.09284742132063,79.19284742132062,15318617
2011/08/03,78.93574710804113,79.13574710804112,78.93574710804113,79.03574710804112,15747617
2011/08/04,78.22041762075885,78.42041762075884,78.22041762075885,78.32041762075885,17552945
2011/08/05,77.77871402066293,77.97871402066292,77.77871402066293,77.87871402066293,19155945
2011/08/06,77.08632651349978,77.28632651349977,77.08632651349978,77.18632651349978,21073945
2011/08/07,77.08632651349978,77.28632651349977,77.08632651349978,77.18632651349978,21073945
2011/08/08,77.08632651349978,77.28632651349977,77.08632651349978,77.18632651349978,21073945
2011/08/09,76.45002784333204,76.65002784333203,76.45002784333204,76.55002784333203,22968945
2011/08/10,75.50248049194273,75.70248049194272,75.50248049194273,75.60248049194273,25299945
2011/08/11,75.40964349663817,75.60964349663816,75.40964349663817,75.50964349663816,24699945
2011/08/12,75.07666177308924,75.27666177308923,75.07666177308924,75.17666177308924,24698945
2011/08/13,74.90790573783771,75.1079057378377,74.90790573783771,75.0079057378377,23384945
2011/08/14,74.90790573783771,75.1079057378377,74.90790573783771,75.0079057378377,23384945
2011/08/15,74.90790573783771,75.1079057378377,74.90790573783771,75.0079057378377,23384945
2011/08/16,74.76595873279521,74.9659587327952,74.76595873279521,74.8659587327952,22978945
2011/08/17,74.7898044460224,74.98980444602239,74.7898044460224,74.8898044460224,22949945
2011/08/18,74.46296139989197,74.66296139989196,74.46296139989197,74.56296139989196,22318945
2011/08/19,74.19712232549895,74.39712232549894,74.19712232549895,74.29712232549895,21990945
2011/08/20,73.81065537408169,74.01065537408168,73.81065537408169,73.91065537408168,22528945
2011/08/21,73.81065537408169,74.01065537408168,73.81065537408169,73.91065537408168,22528945
2011/08/22,73.81065537408169,74.01065537408168,73.81065537408169,73.91065537408168,22528945
2011/08/23,73.46682730275971,73.6668273027597,73.46682730275971,73.5668273027597,23895945
2011/08/24,73.25186536899992,73.4518653689999,73.25186536899992,73.35186536899991,24753809
2011/08/25,73.23133607216657,73.43133607216656,73.23133607216657,73.33133607216656,24984809
2011/08/26,73.17906620295126,73.37906620295125,73.17906620295126,73.27906620295126,25206809
2011/08/27,72.96868075303775,73.16868075303773,72.96868075303775,73.06868075303774,24932809
2011/08/28,72.96868075303775,73.16868075303773,72.96868075303775,73.06868075303774,24932809
2011/08/29,72.96868075303775,73.16868075303773,72.96868075303775,73.06868075303774,24932809
2011/08/30,72.90734832553171,73.1073483255317,72.90734832553171,73.00734832553171,25352809
2011/08/31,72.90111002076893,73.10111002076891,72.90111002076893,73.00111002076892,25015809
2011/09/01,73.04089974137231,73.2408997413723,73.04089974137231,73.14089974137231,25405899
2011/09/02,73.0143758843673,73.21437588436729,73.0143758843673,73.11437588436729,24584899
2011/09/03,73.10714558793316,73.30714558793315,73.10714558793316,73.20714558793316,24464899
2011/09/04,73.10714558793316,73.30714558793315,73.10714558793316,73.20714558793316,24464899
2011/09/05,73.10714558793316,73.30714558793315,73.10714558793316,73.20714558793316,24464899
2011/09/06,73.42070229806258,73.62070229806257,73.42070229806258,73.52070229806257,25076899
2011/09/07,73.28008542287401,73.480085422874,73.28008542287401,73.380085422874,25134671
2011/09/08,73.14421894085768,73.34421894085767,73.14421894085768,73.24421894085768,25306671
2011/09/09,72.97591676108718,73.17591676108717,72.97591676108718,73.07591676108717,24603671
2011/09/10,72.84983972863805,73.04983972863803,72.84983972863805,72.94983972863804,24541671
2011/09/11,72.84983972863805,73.04983972863803,72.84983972863805,72.94983972863804,24541671
2011/09/12,72.84983972863805,73.04983972863803,72.84983972863805,72.94983972863804,24541671
2011/09/13,72.84983972863805,73.04983972863803,72.84983972863805,72.94983972863804,24541671
2011/09/14,72.69093711259684,72.89093711259683,72.69093711259684,72.79093711259684,24233671
2011/09/15,72.35655337291317,72.55655337291316,72.35655337291317,72.45655337291316,25592671
2011/09/16,72.04161509603819,72.24161509603817,72.04161509603819,72.14161509603818,25873185
2011/09/17,72.04080697756336,72.24080697756335,72.04080697756336,72.14080697756336,25911185
2011/09/18,72.04080697756336,72.24080697756335,72.04080697756336,72.14080697756336,25911185
2011/09/19,72.04080697756336,72.24080697756335,72.04080697756336,72.14080697756336,25911185
2011/09/20,72.23251757336256,72.43251757336255,72.23251757336256,72.33251757336255,26692185
2011/09/21,72.20913112318355,72.40913112318354,72.20913112318355,72.30913112318355,27110185
2011/09/22,72.14289932126722,72.34289932126721,72.14289932126722,72.24289932126722,27257185
2011/09/23,72.00390314683949,72.20390314683948,72.00390314683949,72.10390314683949,26803185
2011/09/24,71.56645971397904,71.76645971397903,71.56645971397904,71.66645971397904,27930417
2011/09/25,71.56645971397904,71.76645971397903,71.56645971397904,71.66645971397904,27930417
2011/09/26,71.56645971397904,71.76645971397903,71.56645971397904,71.66645971397904,27930417
2011/09/27,71.21572444952302,71.41572444952301,71.21572444952302,71.31572444952302,29076417
2011/09/28,71.12365515544043,71.32365515544042,71.12365515544043,71.22365515544043,29112417
2011/09/29,70.9338463541388,71.13384635413878,70.9338463541388,71.03384635413879,28119417
2011/09/30,70.92049885355767,71.12049885355766,70.92049885355767,71.02049885355767,27971417
2011/10/01,70.91812343267145,71.11812343267144,70.91812343267145,71.01812343267144,27871417
2011/10/02,70.91812343267145,71.11812343267144,70.91812343267145,71.01812343267144,27871417
2011/10/03,70.91812343267145,71.11812343267144,70.91812343267145,71.01812343267144,27871417
2011/10/04,70.86332158806276,71.06332158806275,70.86332158806276,70.96332158806275,27605417
2011/10/05,70.54856903794654,70.74856903794652,70.54856903794654,70.64856903794653,26955417
2011/10/06,70.26577379483989,70.46577379483988,70.26577379483989,70.36577379483988,26485207
2011/10/07,70.14991215297357,70.34991215297356,70.14991215297357,70.24991215297356,26708207
2011/10/08,70.1672512197359,70.36725121973589,70.1672512197359,70.2672512197359,26903207
2011/10/09,70.1672512197359,70.36725121973589,70.1672512197359,70.2672512197359,26903207
2011/10/10,70.1672512197359,70.36725121973589,70.1672512197359,70.2672512197359,26903207
2011/10/11,70.1672512197359,70.36725121973589,70.1672512197359,70.2672512197359,26903207
2011/10/12,70.18508349242748,70.38508349242747,70.18508349242748,70.28508349242747,26905207
2011/10/13,70.1769697162676,70.3769697162676,70.1769697162676,70.2769697162676,26867207
2011/10/14,70.22676864151941,70.4267686415194,70.22676864151941,70.32676864151941,26967207
2011/10/15,70.17882960205797,70.37882960205796,70.17882960205797,70.27882960205797,26682207
2011/10/16,70.17882960205797,70.37882960205796,70.17882960205797,70.27882960205797,26682207
2011/10/17,70.17882960205797,70.37882960205796,70.17882960205797,70.27882960205797,26682207
2011/10/18,70.24615710930733,70.44615710930732,70.24615710930733,70.34615710930733,26930207
2011/10/19,70.10883551293522,70.3088355129352,70.10883551293522,70.20883551293521,26588680
2011/10/20,70.06651671220982,70.2665167122098,70.06651671220982,70.16651671220981,26738680
2011/10/21,69.97528345470701,70.175283454707,69.97528345470701,70.075283454707,26534680
2011/10/22,69.8316091913509,70.0316091913509,69.8316091913509,69.9316091913509,26647680
2011/10/23,69.8316091913509,70.0316091913509,69.8316091913509,69.9316091913509,26647680
2011/10/24,69.8316091913509,70.0316091913509,69.8316091913509,69.9316091913509,26647680
2011/10/25,69.73450511708799,69.93450511708798,69.73450511708799,69.83450511708799,26754680
2011/10/26,69.57812452064526,69.77812452064525,69.57812452064526,69.67812452064526,26248680
2011/10/27,69.2712167537016,69.47121675370158,69.2712167537016,69.37121675370159,25860680
2011/10/28,69.24688066737536,69.44688066737535,69.24688066737536,69.34688066737536,26588680
2011/10/29,69.11155093267398,69.31155093267397,69.11155093267398,69.21155093267397,25826680
2011/10/30,69.11155093267398,69.31155093267397,69.11155093267398,69.21155093267397,25826680
2011/10/31,69.11155093267398,69.31155093267397,69.11155093267398,69.21155093267397,25826680
2011/11/01,69.02819711516744,69.22819711516743,69.02819711516744,69.12819711516744,25425031
2011/11/02,68.99570143462337,69.19570143462336,68.99570143462337,69.09570143462336,25826031
2011/11/03,68.94178221463919,69.14178221463918,68.94178221463919,69.04178221463918,25896031
2011/11/04,68.64679855118533,68.84679855118532,68.64679855118533,68.74679855118532,25140031
2011/11/05,68.44062521085127,68.64062521085125,68.44062521085127,68.54062521085126,25126031
2011/11/06,68.44062521085127,68.64062521085125,68.44062521085127,68.54062521085126,25126031
2011/11/07,68.44062521085127,68.64062521085125,68.44062521085127,68.54062521085126,25126031
2011/11/08,68.47025630519305,68.67025630519304,68.47025630519305,68.57025630519304,25230031
2011/11/09,68.53749909022775,68.73749909022774,68.53749909022775,68.63749909022775,25600031
2011/11/10,68.86210945560892,69.0621094556089,68.86210945560892,68.96210945560891,26633862
2011/11/11,68.83967464348937,69.03967464348936,68.83967464348937,68.93967464348937,27222862
2011/11/12,68.70674613514507,68.90674613514506,68.70674613514507,68.80674613514506,27013862
2011/11/13,68.70674613514507,68.90674613514506,68.70674613514507,68.80674613514506,27013862
2011/11/14,68.70674613514507,68.90674613514506,68.70674613514507,68.80674613514506,27013862
2011/11/15,68.70741074750036,68.90741074750035,68.70741074750036,68.80741074750036,26997862
2011/11/16,67.58545383427253,67.78545383427252,67.58545383427253,67.68545383427252,23816862
2011/11/17,66.40446077864478,66.60446077864476,66.40446077864478,66.50446077864477,20372862
2011/11/18,66.40200469846089,66.60200469846087,66.40200469846089,66.50200469846088,20166147
2011/11/19,66.0828849697837,66.2828849697837,66.0828849697837,66.1828849697837,19852147
2011/11/20,66.0828849697837,66.2828849697837,66.0828849697837,66.1828849697837,19852147
2011/11/21,66.0828849697837,66.2828849697837,66.0828849697837,66.1828849697837,19852147
2011/11/22,66.34858189726339,66.54858189726338,66.34858189726339,66.44858189726338,22655147
2011/11/23,65.97842310944364,66.17842310944363,65.97842310944364,66.07842310944363,23297222
2011/11/24,65.70958117569569,65.90958117569568,65.70958117569569,65.80958117569568,24099222
2011/11/25,65.3738535693518,65.57385356935178,65.3738535693518,65.47385356935179,24298222
2011/11/26,65.27672149924196,65.47672149924195,65.27672149924196,65.37672149924195,24562222
2011/11/27,65.27672149924196,65.47672149924195,65.27672149924196,65.37672149924195,24562222
2011/11/28,65.27672149924196,65.47672149924195,65.27672149924196,65.37672149924195,24562222
2011/11/29,65.1900870204145,65.39008702041448,65.1900870204145,65.29008702041449,24714222
2011/11/30,65.24373313553764,65.44373313553763,65.24373313553764,65.34373313553763,25350222
2011/12/01,65.32556826391348,65.52556826391347,65.32556826391348,65.42556826391348,25373317
2011/12/02,65.20853565000372,65.40853565000371,65.20853565000372,65.30853565000372,25852317
2011/12/03,65.17780375051291,65.3778037505129,65.17780375051291,65.2778037505129,26097317
2011/12/04,65.17780375051291,65.3778037505129,65.17780375051291,65.2778037505129,26097317
2011/12/05,65.17780375051291,65.3778037505129,65.17780375051291,65.2778037505129,26097317
2011/12/06,65.21816448770953,65.41816448770952,65.21816448770953,65.31816448770952,26225317
2011/12/07,65.20305478154536,65.40305478154535,65.20305478154536,65.30305478154536,26335317
2011/12/08,65.14612816459965,65.34612816459963,65.14612816459965,65.24612816459964,26064317
2011/12/09,64.86205788589461,65.0620578858946,64.86205788589461,64.96205788589461,24230989
2011/12/10,64.59360324330547,64.79360324330545,64.59360324330547,64.69360324330546,22886989
2011/12/11,64.59360324330547,64.79360324330545,64.59360324330547,64.69360324330546,22886989
2011/12/12,64.59360324330547,64.79360324330545,64.59360324330547,64.69360324330546,22886989
2011/12/13,64.33703126127133,64.53703126127132,64.33703126127133,64.43703126127133,21136989
2011/12/14,64.14176510143676,64.34176510143675,64.14176510143676,64.24176510143676,19354989
2011/12/15,63.94861543786924,64.14861543786924,63.94861543786924,64.04861543786924,17172989
2011/12/16,63.93783531542834,64.13783531542833,63.93783531542834,64.03783531542834,17633989
2011/12/17,63.71747226714963,63.917472267149634,63.71747226714963,63.81747226714963,17603989
2011/12/18,63.71747226714963,63.917472267149634,63.71747226714963,63.81747226714963,17603989
2011/12/19,63.71747226714963,63.917472267149634,63.71747226714963,63.81747226714963,17603989
2011/12/20,63.63420999013853,63.83420999013853,63.63420999013853,63.73420999013853,18833989
2011/12/21,63.52048307614824,63.72048307614824,63.52048307614824,63.62048307614824,19105989
2011/12/22,63.430530695765555,63.63053069576556,63.430530695765555,63.530530695765556,19483989
2011/12/23,63.34882022345413,63.548820223454136,63.34882022345413,63.448820223454135,19534989
2011/12/24,63.31933916300285,63.519339163002854,63.31933916300285,63.41933916300285,19280989
2011/12/25,63.31933916300285,63.519339163002854,63.31933916300285,63.41933916300285,19280989
2011/12/26,63.31933916300285,63.519339163002854,63.31933916300285,63.41933916300285,19280989
2011/12/27,63.23608964154221,63.43608964154221,63.23608964154221,63.33608964154221,18568989
2011/12/28,62.95802947051799,63.158029470517995,62.95802947051799,63.058029470517994,17661989
2011/12/29,62.73775660608374,62.937756606083745,62.73775660608374,62.837756606083744,17159989
2011/12/30,62.63735454233448,62.83735454233448,62.63735454233448,62.73735454233448,17300989
2011/12/31,62.55964995497599,62.75964995497599,62.55964995497599,62.65964995497599,17126989
2012/01/01,62.55964995497599,62.75964995497599,62.55964995497599,62.65964995497599,17126989
2012/01/02,62.55964995497599,62.75964995497599,62.55964995497599,62.65964995497599,17126989
2012/01/03,62.48549403734883,62.68549403734883,62.48549403734883,62.58549403734883,16934989
2012/01/04,62.355414698198224,62.55541469819823,62.355414698198224,62.455414698198226,16828989
2012/01/05,62.44572265618283,62.64572265618283,62.44572265618283,62.54572265618283,17200989
2012/01/06,62.42347868753813,62.62347868753813,62.42347868753813,62.52347868753813,17489899
2012/01/07,62.657577865711225,62.85757786571123,62.657577865711225,62.75757786571123,18158899
2012/01/08,62.657577865711225,62.85757786571123,62.657577865711225,62.75757786571123,18158899
2012/01/09,62.657577865711225,62.85757786571123,62.657577865711225,62.75757786571123,18158899
2012/01/10,62.74545713313204,62.945457133132045,62.74545713313204,62.845457133132044,18649899
2012/01/11,62.82078398227411,63.02078398227411,62.82078398227411,62.92078398227411,19082976
2012/01/12,62.761887955639054,62.96188795563906,62.761887955639054,62.861887955639055,18812976
2012/01/13,62.68066071374843,62.88066071374843,62.68066071374843,62.78066071374843,18513976
2012/01/14,62.72485253664161,62.924852536641616,62.72485253664161,62.824852536641615,18761976
2012/01/15,62.72485253664161,62.924852536641616,62.72485253664161,62.824852536641615,18761976
2012/01/16,62.72485253664161,62.924852536641616,62.72485253664161,62.824852536641615,18761976
2012/01/17,62.68272574252379,62.882725742523796,62.68272574252379,62.782725742523795,18249976
2012/01/18,62.67262428536509,62.87262428536509,62.67262428536509,62.77262428536509,18258976
2012/01/19,62.55802851636516,62.758028516365165,62.55802851636516,62.658028516365164,16970976
2012/01/20,62.55802851636516,62.758028516365165,62.55802851636516,62.658028516365164,16970976
2012/01/21,62.55802851636516,62.758028516365165,62.55802851636516,62.658028516365164,16970976
2012/01/22,62.55802851636516,62.758028516365165,62.55802851636516,62.658028516365164,16970976
2012/01/23,62.55802851636516,62.758028516365165,62.55802851636516,62.658028516365164,16970976
2012/01/24,62.55802851636516,62.758028516365165,62.55802851636516,62.658028516365164,16970976
2012/01/25,62.55802851636516,62.758028516365165,62.55802851636516,62.658028516365164,16970976
2012/01/26,62.55802851636516,62.758028516365165,62.55802851636516,62.658028516365164,16970976
2012/01/27,62.55802851636516,62.758028516365165,62.55802851636516,62.658028516365164,16970976
2012/01/28,62.55802851636516,62.758028516365165,62.55802851636516,62.658028516365164,16970976
2012/01/29,62.55802851636516,62.758028516365165,62.55802851636516,62.658028516365164,16970976
2012/01/30,62.55802851636516,62.758028516365165,62.55802851636516,62.658028516365164,16970976
2012/01/31,62.43777792579038,62.63777792579038,62.43777792579038,62.53777792579038,16254976
2012/02/01,62.430128477834685,62.63012847783469,62.430128477834685,62.53012847783469,15900976
2012/02/02,62.403148345847036,62.60314834584704,62.403148345847036,62.50314834584704,15288976
2012/02/03,62.311342905543185,62.51134290554319,62.311342905543185,62.41134290554319,14498976
2012/02/04,62.23560045840559,62.435600458405595,62.23560045840559,62.335600458405594,13335976
2012/02/05,62.23560045840559,62.435600458405595,62.23560045840559,62.335600458405594,13335976
2012/02/06,62.23560045840559,62.435600458405595,62.23560045840559,62.335600458405594,13335976
2012/02/07,62.25401639463153,62.45401639463153,62.25401639463153,62.35401639463153,13584763
2012/02/08,62.10850931742341,62.308509317423415,62.10850931742341,62.20850931742341,12934763
2012/02/09,61.86997575507418,62.06997575507418,61.86997575507418,61.96997575507418,11908763
2012/02/10,61.802392242103934,62.00239224210394,61.802392242103934,61.902392242103936,10933763
2012/02/11,61.871903576527274,62.071903576527276,61.871903576527274,61.971903576527275,10539763
2012/02/12,61.871903576527274,62.071903576527276,61.871903576527274,61.971903576527275,10539763
2012/02/13,61.871903576527274,62.071903576527276,61.871903576527274,61.971903576527275,10539763
2012/02/14,61.955192910587456,62.15519291058746,61.955192910587456,62.05519291058746,10997763
2012/02/15,61.97810417293529,62.17810417293529,61.97810417293529,62.07810417293529,10109763
2012/02/16,62.10400775240486,62.304007752404864,62.10400775240486,62.20400775240486,10428763
2012/02/17,62.022969391777856,62.22296939177786,62.022969391777856,62.12296939177786,10041763
2012/02/18,61.94965306584202,62.149653065842024,61.94965306584202,62.04965306584202,9397973
2012/02/19,61.94965306584202,62.149653065842024,61.94965306584202,62.04965306584202,9397973
2012/02/20,61.94965306584202,62.149653065842024,61.94965306584202,62.04965306584202,9397973
2012/02/21,61.80763862686745,62.007638626867454,61.80763862686745,61.90763862686745,7889973
2012/02/22,61.76621242558495,61.966212425584956,61.76621242558495,61.866212425584955,6653973
2012/02/23,61.78689847742819,61.98689847742819,61.78689847742819,61.88689847742819,5990973
2012/02/24,61.79388142572436,61.99388142572436,61.79388142572436,61.89388142572436,5681973
2012/02/25,61.827969069242265,62.02796906924227,61.827969069242265,61.927969069242266,4998973
2012/02/26,61.827969069242265,62.02796906924227,61.827969069242265,61.927969069242266,4998973
2012/02/27,61.827969069242265,62.02796906924227,61.827969069242265,61.927969069242266,4998973
2012/02/28,61.827969069242265,62.02796906924227,61.827969069242265,61.927969069242266,4998973
2012/02/29,61.827969069242265,62.02796906924227,61.827969069242265,61.927969069242266,4998973
2012/03/01,62.395339849466446,62.59533984946645,62.395339849466446,62.49533984946645,5397035
2012/03/02,62.390321914897065,62.59032191489707,62.390321914897065,62.490321914897066,4689035
2012/03/03,62.356784158970974,62.55678415897098,62.356784158970974,62.456784158970976,4421562
2012/03/04,62.356784158970974,62.55678415897098,62.356784158970974,62.456784158970976,4421562
2012/03/05,62.356784158970974,62.55678415897098,62.356784158970974,62.456784158970976,4421562
2012/03/06,62.27556377593369,62.47556377593369,62.27556377593369,62.37556377593369,2992562
2012/03/07,62.24112800540802,62.441128005408025,62.24112800540802,62.341128005408024,2803562
2012/03/08,62.08329985502014,62.28329985502014,62.08329985502014,62.18329985502014,1823562
2012/03/09,61.97760210832528,62.17760210832528,61.97760210832528,62.07760210832528,1133562
2012/03/10,61.959683104794046,62.15968310479405,61.959683104794046,62.05968310479405,900562
2012/03/11,61.959683104794046,62.15968310479405,61.959683104794046,62.05968310479405,900562
2012/03/12,61.959683104794046,62.15968310479405,61.959683104794046,62.05968310479405,900562
2012/03/13,77.88888091626617,77.88888091626617,77.68888091626619,77.78888091626618,136751
2012/03/14,72.40620129298574,72.40620129298574,72.20620129298575,72.30620129298575,666751
2012/03/15,70.06752007785487,70.06752007785487,69.86752007785488,69.96752007785487,303751
2012/03/16,70.5774058445846,70.5774058445846,70.37740584458462,70.47740584458461,397102
2012/03/17,69.92928151045315,69.92928151045315,69.72928151045316,69.82928151045316,1217102
2012/03/18,69.92928151045315,69.92928151045315,69.72928151045316,69.82928151045316,1217102
2012/03/19,69.92928151045315,69.92928151045315,69.72928151045316,69.82928151045316,1217102
2012/03/20,71.7283171072026,71.7283171072026,71.52831710720261,71.6283171072026,2652102
2012/03/21,71.13807102391971,71.13807102391971,70.93807102391972,71.03807102391971,3034102
2012/03/22,69.88047727121007,69.88047727121007,69.68047727121008,69.78047727121007,3830102
2012/03/23,69.87117204265695,69.87117204265695,69.67117204265696,69.77117204265696,3689102
2012/03/24,69.66749201197307,69.66749201197307,69.46749201197308,69.56749201197307,3834102
2012/03/25,69.66749201197307,69.66749201197307,69.46749201197308,69.56749201197307,3834102
2012/03/26,69.66749201197307,69.66749201197307,69.46749201197308,69.56749201197307,3834102
2012/03/27,69.25652273137354,69.25652273137354,69.05652273137355,69.15652273137354,4310102
2012/03/28,68.8640125452317,68.8640125452317,68.66401254523171,68.76401254523171,4976102
2012/03/29,69.23775991036423,69.23775991036423,69.03775991036424,69.13775991036424,5657102
2012/03/30,69.21885544140957,69.21885544140957,69.01885544140958,69.11885544140958,5713082
2012/03/31,69.18193153207122,69.18193153207122,68.98193153207123,69.08193153207122,5781082
2012/04/01,69.18193153207122,69.18193153207122,68.98193153207123,69.08193153207122,5781082
2012/04/02,69.18193153207122,69.18193153207122,68.98193153207123,69.08193153207122,5781082
2012/04/03,68.56617610795809,68.56617610795809,68.3661761079581,68.46617610795809,5755082
2012/04/04,68.54353258662556,68.54353258662556,68.34353258662557,68.44353258662557,5290367
2012/04/05,68.54353258662556,68.54353258662556,68.34353258662557,68.44353258662557,5290367
2012/04/06,69.16810254066269,69.16810254066269,68.9681025406627,69.0681025406627,5260367
2012/04/07,68.86330977264949,68.86330977264949,68.6633097726495,68.76330977264949,6531367
2012/04/08,68.86330977264949,68.86330977264949,68.6633097726495,68.76330977264949,6531367
2012/04/09,68.86330977264949,68.86330977264949,68.6633097726495,68.76330977264949,6531367
2012/04/10,69.21007605345648,69.21007605345648,69.01007605345649,69.11007605345648,7469367
2012/04/11,69.5960555298092,69.5960555298092,69.39605552980922,69.49605552980921,8343367
2012/04/12,70.01154376400302,70.01154376400302,69.81154376400303,69.91154376400303,8850367
2012/04/13,69.59393758999116,69.59393758999116,69.39393758999117,69.49393758999116,9343367
2012/04/14,69.36238825342075,69.36238825342075,69.16238825342076,69.26238825342075,9666367
2012/04/15,69.36238825342075,69.36238825342075,69.16238825342076,69.26238825342075,9666367
2012/04/16,69.36238825342075,69.36238825342075,69.16238825342076,69.26238825342075,9666367
2012/04/17,69.21340581074261,69.21340581074261,69.01340581074263,69.11340581074262,9949367
2012/04/18,69.29995842393298,69.29995842393298,69.09995842393299,69.19995842393298,9712367
2012/04/19,69.16964927295069,69.16964927295069,68.9696492729507,69.0696492729507,9976367
2012/04/20,69.35634633747529,69.35634633747529,69.1563463374753,69.25634633747529,9811367
2012/04/21,69.348167824556,69.348167824556,69.14816782455601,69.248167824556,9804367
2012/04/22,69.348167824556,69.348167824556,69.14816782455601,69.248167824556,9804367
2012/04/23,69.348167824556,69.348167824556,69.14816782455601,69.248167824556,9804367
2012/04/24,69.3013683599402,69.3013683599402,69.10136835994021,69.2013683599402,9393367
2012/04/25,69.12356335072171,69.12356335072171,68.92356335072172,69.02356335072172,9601367
2012/04/26,68.96511744433775,68.96511744433775,68.76511744433776,68.86511744433776,9457367
2012/04/27,69.10379327013989,69.10379327013989,68.9037932701399,69.0037932701399,9560367
2012/04/28,69.09488953639672,69.09488953639672,68.89488953639673,68.99488953639673,9558632
2012/04/29,69.09488953639672,69.09488953639672,68.89488953639673,68.99488953639673,9558632
2012/04/30,69.09488953639672,69.09488953639672,68.89488953639673,68.99488953639673,9558632
2012/05/01,68.90251751614818,68.90251751614818,68.70251751614819,68.80251751614819,9363632
2012/05/02,68.90251751614818,68.90251751614818,68.70251751614819,68.80251751614819,9363632
2012/05/03,68.88785963348475,68.88785963348475,68.68785963348476,68.78785963348476,9077632
2012/05/04,69.03971159141537,69.03971159141537,68.83971159141538,68.93971159141537,9154632
2012/05/05,68.83155365745986,68.83155365745986,68.63155365745988,68.73155365745987,9503632
2012/05/06,68.83155365745986,68.83155365745986,68.63155365745988,68.73155365745987,9503632
2012/05/07,68.83155365745986,68.83155365745986,68.63155365745988,68.73155365745987,9503632
2012/05/08,68.77584710252488,68.77584710252488,68.57584710252489,68.67584710252488,9803632
2012/05/09,68.60020912499539,68.60020912499539,68.4002091249954,68.5002091249954,10118576
2012/05/10,68.52475210099998,68.52475210099998,68.32475210099999,68.42475210099998,10303576
2012/05/11,68.45041533583567,68.45041533583567,68.25041533583568,68.35041533583568,10345576
2012/05/12,68.45385135697114,68.45385135697114,68.25385135697115,68.35385135697115,10043576
2012/05/13,68.45385135697114,68.45385135697114,68.25385135697115,68.35385135697115,10043576
2012/05/14,68.45385135697114,68.45385135697114,68.25385135697115,68.35385135697115,10043576
2012/05/15,68.45079850616473,68.45079850616473,68.25079850616474,68.35079850616474,9828576
2012/05/16,68.37664663301437,68.37664663301437,68.17664663301439,68.27664663301438,9333576
2012/05/17,68.29923942241199,68.29923942241199,68.099239422412,68.19923942241199,8621011
2012/05/18,68.20406846835661,68.20406846835661,68.00406846835662,68.10406846835662,8907011
2012/05/19,68.18966959760462,68.18966959760462,67.98966959760463,68.08966959760463,8531011
2012/05/20,68.18966959760462,68.18966959760462,67.98966959760463,68.08966959760463,8531011
2012/05/21,68.18966959760462,68.18966959760462,67.98966959760463,68.08966959760463,8531011
2012/05/22,68.1806117789465,68.1806117789465,67.98061177894651,68.0806117789465,7960011
2012/05/23,68.10353147331654,68.10353147331654,67.90353147331655,68.00353147331654,8193011
2012/05/24,68.08674552779091,68.08674552779091,67.88674552779092,67.98674552779092,7862011
2012/05/25,67.99664702025015,67.99664702025015,67.79664702025016,67.89664702025016,7378011
2012/05/26,68.01300944304259,68.01300944304259,67.8130094430426,67.9130094430426,7200011
2012/05/27,68.01300944304259,68.01300944304259,67.8130094430426,67.9130094430426,7200011
2012/05/28,68.01300944304259,68.01300944304259,67.8130094430426,67.9130094430426,7200011
2012/05/29,67.99544316072195,67.99544316072195,67.79544316072196,67.89544316072195,7092011
2012/05/30,67.9655408210225,67.9655408210225,67.76554082102251,67.8655408210225,6666088
2012/05/31,67.9655408210225,67.9655408210225,67.76554082102251,67.8655408210225,5899088
2012/06/01,67.94539601114928,67.94539601114928,67.7453960111493,67.84539601114929,5952088
2012/06/02,67.9265609651867,67.9265609651867,67.7265609651867,67.8265609651867,5803088
2012/06/03,67.9265609651867,67.9265609651867,67.7265609651867,67.8265609651867,5803088
2012/06/04,67.9265609651867,67.9265609651867,67.7265609651867,67.8265609651867,5803088
2012/06/05,68.01688401598365,68.01688401598365,67.81688401598366,67.91688401598365,4441088
2012/06/06,67.53696309903084,67.53696309903084,67.33696309903085,67.43696309903085,4675088
2012/06/07,67.43488467426087,67.43488467426087,67.23488467426088,67.33488467426088,4608088
2012/06/08,65.89167411732,65.89167411732,65.69167411732,65.79167411732,5130088
2012/06/09,65.78676461509072,65.78676461509072,65.58676461509073,65.68676461509072,4824088
2012/06/10,65.78676461509072,65.78676461509072,65.58676461509073,65.68676461509072,4824088
2012/06/11,65.78676461509072,65.78676461509072,65.58676461509073,65.68676461509072,4824088
2012/06/12,65.40706913700163,65.40706913700163,65.20706913700164,65.30706913700163,4400088
2012/06/13,64.67648576695811,64.67648576695811,64.47648576695812,64.57648576695811,4087088
2012/06/14,62.832959247444144,62.832959247444144,62.63295924744414,62.73295924744414,3499088
2012/06/15,63.162461311885174,63.162461311885174,62.96246131188517,63.06246131188517,3734875
2012/06/16,62.90928778012552,62.90928778012552,62.709287780125514,62.809287780125516,5098875
2012/06/17,62.90928778012552,62.90928778012552,62.709287780125514,62.809287780125516,5098875
2012/06/18,62.90928778012552,62.90928778012552,62.709287780125514,62.809287780125516,5098875
2012/06/19,63.15221143419056,63.15221143419056,62.95221143419056,63.05221143419056,4976875
2012/06/20,62.451911084683964,62.451911084683964,62.25191108468396,62.35191108468396,4186875
2012/06/21,61.52858301046129,61.52858301046129,61.32858301046129,61.42858301046129,3322875
2012/06/22,62.066528750696364,62.066528750696364,61.86652875069636,61.96652875069636,3681875
2012/06/23,60.092819654194315,60.092819654194315,59.89281965419431,59.992819654194314,2782875
2012/06/24,60.092819654194315,60.092819654194315,59.89281965419431,59.992819654194314,2782875
2012/06/25,60.092819654194315,60.092819654194315,59.89281965419431,59.992819654194314,2782875
2012/06/26,60.317917148893585,60.317917148893585,60.11791714889358,60.217917148893584,3181875
2012/06/27,60.27895846656155,60.27895846656155,60.078958466561545,60.17895846656155,3202875
2012/06/28,59.528552604450816,59.528552604450816,59.32855260445081,59.428552604450815,2648875
2012/06/29,55.49049425678584,55.49049425678584,55.290494256785834,55.390494256785836,1174875
2012/06/30,52.65214704402856,52.85214704402856,52.65214704402856,52.75214704402856,1076125
2012/07/01,52.65214704402856,52.85214704402856,52.65214704402856,52.75214704402856,1076125
2012/07/02,52.65214704402856,52.85214704402856,52.65214704402856,52.75214704402856,1076125
2012/07/03,52.67422088223166,52.87422088223166,52.67422088223166,52.77422088223166,1585125
2012/07/04,53.078689819420696,53.2786898194207,53.078689819420696,53.1786898194207,2668125
2012/07/05,53.89508465322721,54.09508465322721,53.89508465322721,53.99508465322721,3920125
2012/07/06,54.340550613551095,54.5405506135511,54.340550613551095,54.440550613551096,6350063
2012/07/07,54.59276782535983,54.79276782535983,54.59276782535983,54.69276782535983,9845063
2012/07/08,54.59276782535983,54.79276782535983,54.59276782535983,54.69276782535983,9845063
2012/07/09,54.59276782535983,54.79276782535983,54.59276782535983,54.69276782535983,9845063
2012/07/10,54.67469206280102,54.874692062801024,54.67469206280102,54.77469206280102,10401063
2012/07/11,54.85014501697991,55.05014501697991,54.85014501697991,54.95014501697991,14863063
2012/07/12,54.8749865842138,55.074986584213804,54.8749865842138,54.9749865842138,10096063
2012/07/13,54.88406766706928,55.084067667069284,54.88406766706928,54.98406766706928,7915063
2012/07/14,54.66039070077894,54.86039070077894,54.66039070077894,54.76039070077894,6656063
2012/07/15,54.66039070077894,54.86039070077894,54.66039070077894,54.76039070077894,6656063
2012/07/16,54.66039070077894,54.86039070077894,54.66039070077894,54.76039070077894,6656063
2012/07/17,54.71747859813646,54.91747859813646,54.71747859813646,54.81747859813646,6796953
2012/07/18,54.83170708109827,55.031707081098276,54.83170708109827,54.931707081098274,7123266
2012/07/19,54.78357779969796,54.98357779969796,54.78357779969796,54.88357779969796,6561266
2012/07/20,54.696879034201004,54.89687903420101,54.696879034201004,54.796879034201005,6016266
2012/07/21,54.74008230181812,54.94008230181812,54.74008230181812,54.84008230181812,6079266
2012/07/22,54.74008230181812,54.94008230181812,54.74008230181812,54.84008230181812,6079266
2012/07/23,54.74008230181812,54.94008230181812,54.74008230181812,54.84008230181812,6079266
2012/07/24,54.87581883597872,55.07581883597872,54.87581883597872,54.97581883597872,6635266
2012/07/25,54.91047749579301,55.11047749579301,54.91047749579301,55.01047749579301,8467266
2012/07/26,54.97767688178889,55.17767688178889,54.97767688178889,55.07767688178889,8713266
2012/07/27,55.03784966426117,55.23784966426117,55.03784966426117,55.13784966426117,9019266
2012/07/28,55.00774020584706,55.20774020584706,55.00774020584706,55.10774020584706,8916266
2012/07/29,55.00774020584706,55.20774020584706,55.00774020584706,55.10774020584706,8916266
2012/07/30,55.00774020584706,55.20774020584706,55.00774020584706,55.10774020584706,8916266
2012/07/31,55.01245623219073,55.21245623219073,55.01245623219073,55.11245623219073,8919266
2012/08/01,55.09032426693793,55.29032426693793,55.09032426693793,55.19032426693793,9340266
2012/08/02,55.12948957683517,55.32948957683517,55.12948957683517,55.22948957683517,9498266
2012/08/03,55.12948957683517,55.32948957683517,55.12948957683517,55.22948957683517,9498266
2012/08/04,55.22855518427561,55.428555184275616,55.22855518427561,55.328555184275615,10027266
2012/08/05,55.22855518427561,55.428555184275616,55.22855518427561,55.328555184275615,10027266
2012/08/06,55.22855518427561,55.428555184275616,55.22855518427561,55.328555184275615,10027266
2012/08/07,55.24340828451331,55.44340828451331,55.24340828451331,55.34340828451331,10110246
2012/08/08,55.26545205578096,55.465452055780965,55.26545205578096,55.36545205578096,10193246
2012/08/09,55.320683534958356,55.52068353495836,55.320683534958356,55.42068353495836,10412246
2012/08/10,55.35162175578791,55.55162175578791,55.35162175578791,55.45162175578791,10338246
2012/08/11,55.39172682839598,55.591726828395984,55.39172682839598,55.49172682839598,10169246
2012/08/12,55.39172682839598,55.591726828395984,55.39172682839598,55.49172682839598,10169246
2012/08/13,55.39172682839598,55.591726828395984,55.39172682839598,55.49172682839598,10169246
2012/08/14,55.43702074018678,55.637020740186784,55.43702074018678,55.53702074018678,10363246
2012/08/15,55.47595586675063,55.675955866750634,55.47595586675063,55.57595586675063,10376246
2012/08/16,55.49018610687211,55.69018610687211,55.49018610687211,55.59018610687211,10424246
2012/08/17,55.48669948012684,55.68669948012684,55.48669948012684,55.58669948012684,10392246
2012/08/18,55.51996075546723,55.719960755467234,55.51996075546723,55.61996075546723,10515246
2012/08/19,55.51996075546723,55.719960755467234,55.51996075546723,55.61996075546723,10515246
2012/08/20,55.51996075546723,55.719960755467234,55.51996075546723,55.61996075546723,10515246
2012/08/21,55.541201062245854,55.74120106224586,55.541201062245854,55.641201062245855,10606246
2012/08/22,55.57121807493244,55.77121807493244,55.57121807493244,55.67121807493244,10717246
2012/08/23,55.58932549024143,55.78932549024143,55.58932549024143,55.68932549024143,10757246
2012/08/24,55.571878308902285,55.77187830890229,55.571878308902285,55.671878308902286,10614246
2012/08/25,55.54008836130394,55.74008836130394,55.54008836130394,55.64008836130394,10142246
2012/08/26,55.54008836130394,55.74008836130394,55.54008836130394,55.64008836130394,10142246
2012/08/27,55.54008836130394,55.74008836130394,55.54008836130394,55.64008836130394,10142246
2012/08/28,55.53748747050621,55.73748747050621,55.53748747050621,55.63748747050621,9721246
2012/08/29,55.47382069573905,55.67382069573905,55.47382069573905,55.57382069573905,8942246
2012/08/30,55.49571672316029,55.695716723160295,55.49571672316029,55.595716723160294,9088246
2012/08/31,55.50353715478263,55.70353715478263,55.50353715478263,55.60353715478263,8746246
2012/09/01,55.51817662210316,55.718176622103165,55.51817662210316,55.618176622103164,8861246
2012/09/02,55.51817662210316,55.718176622103165,55.51817662210316,55.618176622103164,8861246
2012/09/03,55.51817662210316,55.718176622103165,55.51817662210316,55.618176622103164,8861246
2012/09/04,55.51583718617342,55.715837186173424,55.51583718617342,55.61583718617342,8787511
2012/09/05,55.497468815856,55.697468815856006,55.497468815856,55.597468815856004,8300511
2012/09/06,55.45418311706209,55.65418311706209,55.45418311706209,55.55418311706209,7908511
2012/09/07,55.4487598631837,55.648759863183706,55.4487598631837,55.548759863183705,7841511
2012/09/08,55.42735483263505,55.62735483263505,55.42735483263505,55.52735483263505,7884511
2012/09/09,55.42735483263505,55.62735483263505,55.42735483263505,55.52735483263505,7884511
2012/09/10,55.42735483263505,55.62735483263505,55.42735483263505,55.52735483263505,7884511
2012/09/11,55.41892674644342,55.61892674644342,55.41892674644342,55.51892674644342,7697453
2012/09/12,55.42603355062367,55.626033550623674,55.42603355062367,55.52603355062367,7630397
2012/09/13,55.41589864321485,55.615898643214855,55.41589864321485,55.515898643214854,7513397
2012/09/14,55.403368471060595,55.6033684710606,55.403368471060595,55.5033684710606,7381397
2012/09/15,55.49585496104572,55.695854961045725,55.49585496104572,55.595854961045724,7588397
2012/09/16,55.49585496104572,55.695854961045725,55.49585496104572,55.595854961045724,7588397
2012/09/17,55.49585496104572,55.695854961045725,55.49585496104572,55.595854961045724,7588397
2012/09/18,55.49567987452034,55.695679874520344,55.49567987452034,55.59567987452034,6719397
2012/09/19,55.56278459064427,55.76278459064427,55.56278459064427,55.66278459064427,6062397
2012/09/20,55.61186342095739,55.811863420957394,55.61186342095739,55.71186342095739,5059832
2012/09/21,55.61182049936068,55.811820499360685,55.61182049936068,55.711820499360684,4624832
2012/09/22,55.64456801398458,55.844568013984585,55.64456801398458,55.74456801398458,4045832
2012/09/23,55.64456801398458,55.844568013984585,55.64456801398458,55.74456801398458,4045832
2012/09/24,55.64456801398458,55.844568013984585,55.64456801398458,55.74456801398458,4045832
2012/09/25,55.701850857662386,55.90185085766239,55.701850857662386,55.80185085766239,2990832
2012/09/26,55.75898863277545,55.95898863277545,55.75898863277545,55.85898863277545,3052832
2012/09/27,55.85722055315243,56.05722055315243,55.85722055315243,55.95722055315243,2716832
2012/09/28,56.04149180405069,56.241491804050696,56.04149180405069,56.141491804050695,1937832
2012/09/29,56.080380446537646,56.28038044653765,56.080380446537646,56.18038044653765,1791832
2012/09/30,56.080380446537646,56.28038044653765,56.080380446537646,56.18038044653765,1791832
2012/10/01,56.080380446537646,56.28038044653765,56.080380446537646,56.18038044653765,1791832
2012/10/02,56.18146235706307,56.38146235706307,56.18146235706307,56.28146235706307,1681832
2012/10/03,56.40171735287227,56.60171735287227,56.40171735287227,56.50171735287227,1056832
2012/10/04,57.067154739565126,57.26715473956513,57.067154739565126,57.16715473956513,123832
2012/10/05,57.20353958569494,57.40353958569494,57.20353958569494,57.30353958569494,190832
2012/10/06,57.74143725335315,57.74143725335315,57.541437253353145,57.641437253353146,123168
2012/10/07,57.74143725335315,57.74143725335315,57.541437253353145,57.641437253353146,123168
2012/10/08,57.74143725335315,57.74143725335315,57.541437253353145,57.641437253353146,123168
2012/10/09,58.29688130529507,58.29688130529507,58.096881305295064,58.196881305295065,1679168
2012/10/10,58.14121019479406,58.14121019479406,57.94121019479406,58.04121019479406,1390168
2012/10/11,58.14121019479406,58.14121019479406,57.94121019479406,58.04121019479406,1390168
2012/10/12,58.16015850523796,58.16015850523796,57.960158505237956,58.06015850523796,884168
2012/10/13,57.83128330828482,57.83128330828482,57.631283308284814,57.731283308284816,226168
2012/10/14,57.83128330828482,57.83128330828482,57.631283308284814,57.731283308284816,226168
2012/10/15,57.83128330828482,57.83128330828482,57.631283308284814,57.731283308284816,226168
2012/10/16,57.82081156476793,57.82081156476793,57.620811564767926,57.72081156476793,27168
2012/10/17,61.412687014036074,61.412687014036074,61.21268701403607,61.31268701403607,43168
2012/10/18,57.58277240891349,57.58277240891349,57.38277240891349,57.48277240891349,77168
2012/10/19,55.31618594051814,55.51618594051814,55.31618594051814,55.41618594051814,437832
2012/10/20,55.31168799023812,55.51168799023812,55.31168799023812,55.41168799023812,431832
2012/10/21,55.31168799023812,55.51168799023812,55.31168799023812,55.41168799023812,431832
2012/10/22,55.31168799023812,55.51168799023812,55.31168799023812,55.41168799023812,431832
2012/10/23,55.87455726377465,56.07455726377465,55.87455726377465,55.97455726377465,1039832
2012/10/24,55.4437049000697,55.6437049000697,55.4437049000697,55.5437049000697,394832
2012/10/25,54.14584158272903,54.34584158272903,54.14584158272903,54.24584158272903,920832
2012/10/26,53.60745189154726,53.80745189154726,53.60745189154726,53.70745189154726,877832
2012/10/27,53.59949076173469,53.799490761734695,53.59949076173469,53.699490761734694,884832
2012/10/28,53.59949076173469,53.799490761734695,53.59949076173469,53.699490761734694,884832
2012/10/29,53.59949076173469,53.799490761734695,53.59949076173469,53.699490761734694,884832
2012/10/30,52.69877815130415,52.89877815130415,52.69877815130415,52.79877815130415,1423832
2012/10/31,52.83352748389126,53.03352748389126,52.83352748389126,52.93352748389126,1695832
2012/11/01,52.8656945653529,53.0656945653529,52.8656945653529,52.9656945653529,1700832
2012/11/02,52.212211307596796,52.4122113075968,52.212211307596796,52.3122113075968,1736832
2012/11/03,51.56209444818107,51.762094448181074,51.56209444818107,51.66209444818107,1249832
2012/11/04,51.56209444818107,51.762094448181074,51.56209444818107,51.66209444818107,1249832
2012/11/05,51.56209444818107,51.762094448181074,51.56209444818107,51.66209444818107,1249832
2012/11/06,51.22856577333896,51.42856577333896,51.22856577333896,51.32856577333896,253832
2012/11/07,48.34679706794738,48.44679706794737,48.34679706794738,48.396797067947375,563832
2012/11/08,54.99747633037807,54.99747633037807,54.79747633037807,54.89747633037807,249168
2012/11/09,55.49091900893423,55.49091900893423,55.290919008934225,55.390919008934226,872168
2012/11/10,55.581769220511575,55.581769220511575,55.38176922051157,55.48176922051157,3358168
2012/11/11,55.581769220511575,55.581769220511575,55.38176922051157,55.48176922051157,3358168
2012/11/12,55.581769220511575,55.581769220511575,55.38176922051157,55.48176922051157,3358168
2012/11/13,54.440354698604445,54.440354698604445,54.24035469860444,54.34035469860444,6192168
2012/11/14,54.426977718194976,54.426977718194976,54.22697771819497,54.326977718194975,6638168
2012/11/15,54.491514526641176,54.491514526641176,54.29151452664117,54.391514526641174,9740168
2012/11/16,55.310556191083435,55.310556191083435,55.11055619108343,55.210556191083434,4551168
2012/11/17,56.09332821958713,56.09332821958713,55.893328219587126,55.99332821958713,1750168
2012/11/18,56.09332821958713,56.09332821958713,55.893328219587126,55.99332821958713,1750168
2012/11/19,56.09332821958713,56.09332821958713,55.893328219587126,55.99332821958713,1750168
2012/11/20,25.43983278822013,25.53983278822013,25.43983278822013,25.48983278822013,73195
2012/11/21,33.53981973241691,33.6398197324169,33.53981973241691,33.589819732416906,109305
2012/11/22,33.490477354773844,33.59047735477384,33.490477354773844,33.54047735477384,121305
2012/11/23,47.36908157571905,47.469081575719045,47.36908157571905,47.41908157571905,628305
2012/11/24,47.38112953673312,47.481129536733114,47.38112953673312,47.43112953673312,1352305
2012/11/25,47.38112953673312,47.481129536733114,47.38112953673312,47.43112953673312,1352305
2012/11/26,47.38112953673312,47.481129536733114,47.38112953673312,47.43112953673312,1352305
2012/11/27,47.040846859841245,47.14084685984124,47.040846859841245,47.09084685984124,1129305
2012/11/28,46.889708425640876,46.98970842564087,46.889708425640876,46.93970842564087,885305
2012/11/29,47.55269349765355,47.652693497653544,47.55269349765355,47.60269349765355,450305
2012/11/30,49.27513766210787,49.37513766210787,49.27513766210787,49.32513766210787,832305
2012/12/01,49.687686984602664,49.78768698460266,49.687686984602664,49.73768698460266,997305
2012/12/02,49.687686984602664,49.78768698460266,49.687686984602664,49.73768698460266,997305
2012/12/03,49.687686984602664,49.78768698460266,49.687686984602664,49.73768698460266,997305
2012/12/04,49.64791419737465,49.74791419737464,49.64791419737465,49.697914197374644,569305
2012/12/05,49.8148083175279,49.91480831752789,49.8148083175279,49.864808317527896,666305
2012/12/06,49.834411506478936,49.93441150647893,49.834411506478936,49.88441150647893,370305
2012/12/07,52.67381240383997,52.67381240383997,52.473812403839965,52.573812403839966,393695
2012/12/08,52.63551736357663,52.63551736357663,52.43551736357663,52.53551736357663,403695
2012/12/09,52.63551736357663,52.63551736357663,52.43551736357663,52.53551736357663,403695
2012/12/10,52.63551736357663,52.63551736357663,52.43551736357663,52.53551736357663,403695
2012/12/11,52.54937151172604,52.54937151172604,52.349371511726034,52.449371511726035,446695
2012/12/12,52.37631310953269,52.37631310953269,52.176313109532686,52.27631310953269,694695
2012/12/13,52.273481087703836,52.273481087703836,52.07348108770383,52.173481087703834,320695
2012/12/14,51.648085722075955,51.648085722075955,51.44808572207595,51.54808572207595,439695
2012/12/15,52.46929904647439,52.46929904647439,52.26929904647439,52.36929904647439,823695
2012/12/16,52.46929904647439,52.46929904647439,52.26929904647439,52.36929904647439,823695
2012/12/17,52.46929904647439,52.46929904647439,52.26929904647439,52.36929904647439,823695
2012/12/18,53.791113473310254,53.791113473310254,53.59111347331025,53.69111347331025,1330695
2012/12/19,53.510556194767375,53.510556194767375,53.31055619476737,53.41055619476737,1471695
2012/12/20,54.07164244844574,54.07164244844574,53.87164244844574,53.97164244844574,1716356
2012/12/21,54.26233252307852,54.26233252307852,54.06233252307852,54.16233252307852,2182356
2012/12/22,54.35570176292488,54.35570176292488,54.15570176292488,54.25570176292488,2244356
2012/12/23,54.35570176292488,54.35570176292488,54.15570176292488,54.25570176292488,2244356
2012/12/24,54.35570176292488,54.35570176292488,54.15570176292488,54.25570176292488,2244356
2012/12/25,54.433902595717264,54.433902595717264,54.23390259571726,54.33390259571726,2169356
2012/12/26,54.29750786248843,54.29750786248843,54.09750786248843,54.19750786248843,2195356
2012/12/27,54.174721231655255,54.174721231655255,53.97472123165525,54.07472123165525,2151356
2012/12/28,54.572115782857246,54.572115782857246,54.37211578285724,54.472115782857244,2387352
2012/12/29,54.588346296441934,54.588346296441934,54.38834629644193,54.48834629644193,2067352
2012/12/30,54.588346296441934,54.588346296441934,54.38834629644193,54.48834629644193,2067352
2012/12/31,54.588346296441934,54.588346296441934,54.38834629644193,54.48834629644193,2067352
2013/01/01,54.588346296441934,54.588346296441934,54.38834629644193,54.48834629644193,2067352
2013/01/02,54.588346296441934,54.588346296441934,54.38834629644193,54.48834629644193,2067352
2013/01/03,55.372457645438736,55.372457645438736,55.17245764543873,55.272457645438735,1796352
2013/01/04,56.14517184659479,56.14517184659479,55.94517184659479,56.04517184659479,1508352
2013/01/05,56.80165269510857,56.80165269510857,56.60165269510857,56.70165269510857,1866352
2013/01/06,56.80165269510857,56.80165269510857,56.60165269510857,56.70165269510857,1866352
2013/01/07,56.80165269510857,56.80165269510857,56.60165269510857,56.70165269510857,1866352
2013/01/08,57.023743537356225,57.023743537356225,56.82374353735622,56.92374353735622,1455352
2013/01/09,57.1514045418799,57.1514045418799,56.951404541879896,57.0514045418799,1535352
2013/01/10,57.128901210702146,57.128901210702146,56.92890121070214,57.028901210702145,1475352
2013/01/11,57.368162914670506,57.368162914670506,57.1681629146705,57.268162914670505,928352
2013/01/12,57.634744755265324,57.634744755265324,57.43474475526532,57.53474475526532,848352
2013/01/13,57.634744755265324,57.634744755265324,57.43474475526532,57.53474475526532,848352
2013/01/14,57.634744755265324,57.634744755265324,57.43474475526532,57.53474475526532,848352
2013/01/15,57.597263821714655,57.597263821714655,57.39726382171465,57.497263821714654,1217352
2013/01/16,58.15070677498994,58.15070677498994,57.95070677498994,58.05070677498994,1666352
2013/01/17,58.05361972467674,58.05361972467674,57.85361972467674,57.95361972467674,1564294
2013/01/18,58.42656525961541,58.42656525961541,58.226565259615406,58.32656525961541,1587294
2013/01/19,58.51163727179811,58.51163727179811,58.311637271798105,58.41163727179811,1652294
2013/01/20,58.51163727179811,58.51163727179811,58.311637271798105,58.41163727179811,1652294
2013/01/21,58.51163727179811,58.51163727179811,58.311637271798105,58.41163727179811,1652294
2013/01/22,58.46988169039163,58.46988169039163,58.26988169039163,58.36988169039163,1715294
2013/01/23,58.21122715754117,58.21122715754117,58.011227157541164,58.111227157541165,2148294
2013/01/24,58.71585124282191,58.71585124282191,58.51585124282191,58.61585124282191,1516294
2013/01/25,58.631948777697254,58.631948777697254,58.43194877769725,58.53194877769725,2064294
2013/01/26,58.60486271692679,58.60486271692679,58.404862716926786,58.50486271692679,2158294
2013/01/27,58.60486271692679,58.60486271692679,58.404862716926786,58.50486271692679,2158294
2013/01/28,58.60486271692679,58.60486271692679,58.404862716926786,58.50486271692679,2158294
2013/01/29,59.01258143553707,59.01258143553707,58.81258143553707,58.91258143553707,1766294
2013/01/30,59.04618407996432,59.04618407996432,58.84618407996432,58.94618407996432,1642294
2013/01/31,59.00772106681502,59.00772106681502,58.80772106681502,58.90772106681502,1364294
2013/02/01,59.41146852906766,59.41146852906766,59.21146852906766,59.31146852906766,1553294
2013/02/02,59.251361990205396,59.251361990205396,59.05136199020539,59.151361990205395,1656294
2013/02/03,59.251361990205396,59.251361990205396,59.05136199020539,59.151361990205395,1656294
2013/02/04,59.251361990205396,59.251361990205396,59.05136199020539,59.151361990205395,1656294
2013/02/05,59.26845651432902,59.26845651432902,59.068456514329014,59.168456514329016,1588294
2013/02/06,59.35777377321879,59.35777377321879,59.157773773218786,59.25777377321879,1715294
2013/02/07,59.29221393315201,59.29221393315201,59.09221393315201,59.19221393315201,2554294
2013/02/08,59.29221393315201,59.29221393315201,59.09221393315201,59.19221393315201,2554294
2013/02/09,59.29221393315201,59.29221393315201,59.09221393315201,59.19221393315201,2554294
2013/02/10,59.29221393315201,59.29221393315201,59.09221393315201,59.19221393315201,2554294
2013/02/11,59.29221393315201,59.29221393315201,59.09221393315201,59.19221393315201,2554294
2013/02/12,59.29221393315201,59.29221393315201,59.09221393315201,59.19221393315201,2554294
2013/02/13,59.29221393315201,59.29221393315201,59.09221393315201,59.19221393315201,2554294
2013/02/14,59.29221393315201,59.29221393315201,59.09221393315201,59.19221393315201,2554294
2013/02/15,59.29221393315201,59.29221393315201,59.09221393315201,59.19221393315201,2554294
2013/02/16,59.29221393315201,59.29221393315201,59.09221393315201,59.19221393315201,2554294
2013/02/17,59.29221393315201,59.29221393315201,59.09221393315201,59.19221393315201,2554294
2013/02/18,59.29221393315201,59.29221393315201,59.09221393315201,59.19221393315201,2554294
2013/02/19,59.423503340559655,59.423503340559655,59.22350334055965,59.323503340559654,3083294
2013/02/20,59.245718691988,59.245718691988,59.045718691988,59.145718691988,3371294
2013/02/21,59.19344907967803,59.19344907967803,58.99344907967803,59.09344907967803,3672294
2013/02/22,59.359000595284606,59.359000595284606,59.1590005952846,59.259000595284604,4090294
2013/02/23,59.26499746006861,59.26499746006861,59.064997460068604,59.164997460068605,3656294
2013/02/24,59.26499746006861,59.26499746006861,59.064997460068604,59.164997460068605,3656294
2013/02/25,59.26499746006861,59.26499746006861,59.064997460068604,59.164997460068605,3656294
2013/02/26,59.2888638697204,59.2888638697204,59.0888638697204,59.1888638697204,4158294
2013/02/27,59.187986691666346,59.187986691666346,58.98798669166634,59.087986691666345,4843294
2013/02/28,59.28236170219306,59.28236170219306,59.082361702193054,59.182361702193056,4906294
2013/03/01,59.28236170219306,59.28236170219306,59.082361702193054,59.182361702193056,4906294
2013/03/02,59.29705737964866,59.29705737964866,59.09705737964866,59.19705737964866,5152294
2013/03/03,59.29705737964866,59.29705737964866,59.09705737964866,59.19705737964866,5152294
2013/03/04,59.29705737964866,59.29705737964866,59.09705737964866,59.19705737964866,5152294
2013/03/05,59.17199957296233,59.17199957296233,58.971999572962325,59.071999572962326,4793082
2013/03/06,58.80672527291064,58.80672527291064,58.60672527291064,58.70672527291064,5102082
2013/03/07,58.82141104997356,58.82141104997356,58.62141104997356,58.72141104997356,5167082
2013/03/08,58.7273609245074,58.7273609245074,58.5273609245074,58.6273609245074,5348082
2013/03/09,58.768559132875055,58.768559132875055,58.56855913287505,58.66855913287505,5291082
2013/03/10,58.768559132875055,58.768559132875055,58.56855913287505,58.66855913287505,5291082
2013/03/11,58.768559132875055,58.768559132875055,58.56855913287505,58.66855913287505,5291082
2013/03/12,58.73035715422444,58.73035715422444,58.53035715422444,58.63035715422444,5183082
2013/03/13,58.6946294753963,58.6946294753963,58.494629475396295,58.594629475396296,5700082
2013/03/14,58.53137719460962,58.53137719460962,58.331377194609615,58.43137719460962,6524083
2013/03/15,58.41608166880079,58.41608166880079,58.21608166880079,58.31608166880079,6780083
2013/03/16,58.34076452295648,58.34076452295648,58.14076452295648,58.24076452295648,6957819
2013/03/17,58.34076452295648,58.34076452295648,58.14076452295648,58.24076452295648,6957819
2013/03/18,58.34076452295648,58.34076452295648,58.14076452295648,58.24076452295648,6957819
2013/03/19,58.29032130419593,58.29032130419593,58.090321304195925,58.190321304195926,7021819
2013/03/20,58.22899250090644,58.22899250090644,58.02899250090644,58.12899250090644,7094819
2013/03/21,58.17075649891568,58.17075649891568,57.97075649891568,58.07075649891568,7267083
2013/03/22,58.18166242505676,58.18166242505676,57.981662425056754,58.081662425056756,7214083
2013/03/23,58.03268002248102,58.03268002248102,57.832680022481014,57.932680022481016,7451867
2013/03/24,58.03268002248102,58.03268002248102,57.832680022481014,57.932680022481016,7451867
2013/03/25,58.03268002248102,58.03268002248102,57.832680022481014,57.932680022481016,7451867
2013/03/26,58.08528493095302,58.08528493095302,57.88528493095302,57.98528493095302,7569867
2013/03/27,58.000543893932075,58.000543893932075,57.80054389393207,57.900543893932074,7440867
2013/03/28,58.00590171975084,58.00590171975084,57.805901719750835,57.90590171975084,7379867
2013/03/29,57.99865673064111,57.99865673064111,57.798656730641106,57.89865673064111,7623867
2013/03/30,58.01314206489902,58.01314206489902,57.81314206489902,57.91314206489902,7411867
2013/03/31,58.01314206489902,58.01314206489902,57.81314206489902,57.91314206489902,7411867
2013/04/01,58.01314206489902,58.01314206489902,57.81314206489902,57.91314206489902,7411867
2013/04/02,57.92584116551844,57.92584116551844,57.72584116551844,57.82584116551844,7325867
2013/04/03,57.95494859711409,57.95494859711409,57.75494859711409,57.85494859711409,7333867
2013/04/04,57.88237953223478,57.88237953223478,57.682379532234776,57.78237953223478,7499867
2013/04/05,57.88237953223478,57.88237953223478,57.682379532234776,57.78237953223478,7499867
2013/04/06,57.88237953223478,57.88237953223478,57.682379532234776,57.78237953223478,7499867
2013/04/07,57.88237953223478,57.88237953223478,57.682379532234776,57.78237953223478,7499867
2013/04/08,57.88237953223478,57.88237953223478,57.682379532234776,57.78237953223478,7499867
2013/04/09,57.74836194377057,57.74836194377057,57.548361943770566,57.64836194377057,7685867
2013/04/10,57.521400620239646,57.521400620239646,57.32140062023964,57.421400620239645,8085230
2013/04/11,57.50665548667615,57.50665548667615,57.30665548667615,57.40665548667615,8084230
2013/04/12,57.3593996194064,57.3593996194064,57.1593996194064,57.2593996194064,8307230
2013/04/13,57.29414512592091,57.29414512592091,57.09414512592091,57.19414512592091,8433230
2013/04/14,57.29414512592091,57.29414512592091,57.09414512592091,57.19414512592091,8433230
2013/04/15,57.29414512592091,57.29414512592091,57.09414512592091,57.19414512592091,8433230
2013/04/16,57.0192187004659,57.0192187004659,56.819218700465896,56.9192187004659,9014230
2013/04/17,57.038124854914834,57.038124854914834,56.83812485491483,56.93812485491483,9024230
2013/04/18,57.0832593103797,57.0832593103797,56.8832593103797,56.9832593103797,8891230
2013/04/19,57.0220482654564,57.0220482654564,56.822048265456395,56.9220482654564,8978230
2013/04/20,56.86834283681777,56.86834283681777,56.668342836817764,56.768342836817766,9347230
2013/04/21,56.86834283681777,56.86834283681777,56.668342836817764,56.768342836817766,9347230
2013/04/22,56.86834283681777,56.86834283681777,56.668342836817764,56.768342836817766,9347230
2013/04/23,56.79954366617856,56.79954366617856,56.599543666178555,56.699543666178556,9167230
2013/04/24,56.95768213019431,56.95768213019431,56.757682130194304,56.857682130194306,8269230
2013/04/25,56.9458228792635,56.9458228792635,56.7458228792635,56.8458228792635,8829230
2013/04/26,57.21908030430956,57.21908030430956,57.019080304309554,57.119080304309556,9229230
2013/04/27,57.59681156919439,57.59681156919439,57.396811569194384,57.496811569194385,9024230
2013/04/28,57.59681156919439,57.59681156919439,57.396811569194384,57.496811569194385,9024230
2013/04/29,57.59681156919439,57.59681156919439,57.396811569194384,57.496811569194385,9024230
2013/04/30,57.629387880363225,57.629387880363225,57.42938788036322,57.529387880363224,9145230
2013/05/01,57.6372153751059,57.6372153751059,57.4372153751059,57.5372153751059,8387230
2013/05/02,57.6372153751059,57.6372153751059,57.4372153751059,57.5372153751059,8387230
2013/05/03,57.69683866555546,57.69683866555546,57.49683866555546,57.59683866555546,7238230
2013/05/04,57.67063316747661,57.67063316747661,57.470633167476606,57.57063316747661,7873230
2013/05/05,57.67063316747661,57.67063316747661,57.470633167476606,57.57063316747661,7873230
2013/05/06,57.67063316747661,57.67063316747661,57.470633167476606,57.57063316747661,7873230
2013/05/07,57.69091308325396,57.69091308325396,57.49091308325396,57.59091308325396,8064230
2013/05/08,57.71751278900629,57.71751278900629,57.51751278900629,57.61751278900629,7581230
2013/05/09,57.78122832160266,57.78122832160266,57.58122832160266,57.68122832160266,7005230
2013/05/10,57.78524950366248,57.78524950366248,57.585249503662475,57.685249503662476,6407230
2013/05/11,57.82048785137346,57.82048785137346,57.620487851373454,57.720487851373456,5456569
2013/05/12,57.82048785137346,57.82048785137346,57.620487851373454,57.720487851373456,5456569
2013/05/13,57.82048785137346,57.82048785137346,57.620487851373454,57.720487851373456,5456569
2013/05/14,57.88483804671394,57.88483804671394,57.684838046713935,57.784838046713936,4619569
2013/05/15,57.89029126717417,57.89029126717417,57.69029126717417,57.79029126717417,3584569
2013/05/16,58.581479038391784,58.581479038391784,58.38147903839178,58.48147903839178,4141569
2013/05/17,58.979894938740934,58.979894938740934,58.77989493874093,58.87989493874093,4546569
2013/05/18,58.93892014151439,58.93892014151439,58.738920141514384,58.838920141514386,4658569
2013/05/19,58.93892014151439,58.93892014151439,58.738920141514384,58.838920141514386,4658569
2013/05/20,58.93892014151439,58.93892014151439,58.738920141514384,58.838920141514386,4658569
2013/05/21,58.99767074216917,58.99767074216917,58.79767074216917,58.89767074216917,4139573
2013/05/22,58.97522930672103,58.97522930672103,58.77522930672103,58.87522930672103,4114573
2013/05/23,59.06761412993017,59.06761412993017,58.86761412993017,58.96761412993017,4030573
2013/05/24,59.45233526879162,59.45233526879162,59.25233526879162,59.35233526879162,4450573
2013/05/25,59.706009233653674,59.706009233653674,59.50600923365367,59.60600923365367,4276573
2013/05/26,59.706009233653674,59.706009233653674,59.50600923365367,59.60600923365367,4276573
2013/05/27,59.706009233653674,59.706009233653674,59.50600923365367,59.60600923365367,4276573
2013/05/28,59.70210336066281,59.70210336066281,59.50210336066281,59.60210336066281,4252580
2013/05/29,59.71791042751939,59.71791042751939,59.51791042751939,59.61791042751939,4108580
2013/05/30,59.716787302584976,59.716787302584976,59.51678730258497,59.616787302584974,4103580
2013/05/31,59.85379246682573,59.85379246682573,59.65379246682573,59.75379246682573,4584580
2013/06/01,59.8519175050409,59.8519175050409,59.6519175050409,59.7519175050409,4522813
2013/06/02,59.8519175050409,59.8519175050409,59.6519175050409,59.7519175050409,4522813
2013/06/03,59.8519175050409,59.8519175050409,59.6519175050409,59.7519175050409,4522813
2013/06/04,59.99833257523724,59.99833257523724,59.79833257523724,59.89833257523724,4126813
2013/06/05,60.15520556756196,60.15520556756196,59.955205567561954,60.055205567561956,3665813
2013/06/06,60.16155902222331,60.16155902222331,59.961559022223305,60.06155902222331,3569813
2013/06/07,60.16800042854066,60.16800042854066,59.968000428540655,60.06800042854066,3595813
2013/06/08,60.2095896019084,60.2095896019084,60.009589601908395,60.1095896019084,3164813
2013/06/09,60.2095896019084,60.2095896019084,60.009589601908395,60.1095896019084,3164813
2013/06/10,60.2095896019084,60.2095896019084,60.009589601908395,60.1095896019084,3164813
2013/06/11,60.240353391660506,60.240353391660506,60.0403533916605,60.140353391660504,3202813
2013/06/12,60.26095534601428,60.26095534601428,60.060955346014275,60.160955346014276,3527813
2013/06/13,60.26095534601428,60.26095534601428,60.060955346014275,60.160955346014276,3527813
2013/06/14,60.267507939158826,60.267507939158826,60.06750793915882,60.167507939158824,3471813
2013/06/15,60.398845007783095,60.398845007783095,60.19884500778309,60.29884500778309,3233813
2013/06/16,60.398845007783095,60.398845007783095,60.19884500778309,60.29884500778309,3233813
2013/06/17,60.398845007783095,60.398845007783095,60.19884500778309,60.29884500778309,3233813
2013/06/18,60.453668379394756,60.453668379394756,60.25366837939475,60.353668379394755,3094813
2013/06/19,60.47882335087145,60.47882335087145,60.27882335087145,60.37882335087145,2949813
2013/06/20,60.46958520433169,60.46958520433169,60.26958520433169,60.36958520433169,3149813
2013/06/21,60.52359698320295,60.52359698320295,60.32359698320295,60.42359698320295,3059813
2013/06/22,60.24275144337832,60.24275144337832,60.042751443378314,60.142751443378316,3290813
2013/06/23,60.24275144337832,60.24275144337832,60.042751443378314,60.142751443378316,3290813
2013/06/24,60.24275144337832,60.24275144337832,60.042751443378314,60.142751443378316,3290813
2013/06/25,60.26356653658498,60.26356653658498,60.06356653658498,60.16356653658498,2852813
2013/06/26,60.14631966010734,60.14631966010734,59.946319660107335,60.046319660107336,3155813
2013/06/27,60.18954843286389,60.18954843286389,59.989548432863884,60.089548432863886,2528813
2013/06/28,60.38073069733191,60.38073069733191,60.18073069733191,60.28073069733191,1544813
2013/06/29,59.865125196006446,59.865125196006446,59.66512519600644,59.765125196006444,736813
2013/06/30,59.865125196006446,59.865125196006446,59.66512519600644,59.765125196006444,736813
2013/07/01,59.865125196006446,59.865125196006446,59.66512519600644,59.765125196006444,736813
2013/07/02,60.437894894348645,60.437894894348645,60.23789489434864,60.33789489434864,563813
2013/07/03,61.03066785327933,61.03066785327933,60.83066785327933,60.93066785327933,350810
2013/07/04,59.720750954285904,59.92075095428591,59.720750954285904,59.820750954285906,311190
2013/07/05,59.325212990007515,59.52521299000752,59.325212990007515,59.425212990007516,549190
2013/07/06,59.18338731947076,59.38338731947076,59.18338731947076,59.28338731947076,1536190
2013/07/07,59.18338731947076,59.38338731947076,59.18338731947076,59.28338731947076,1536190
2013/07/08,59.18338731947076,59.38338731947076,59.18338731947076,59.28338731947076,1536190
2013/07/09,59.11190302414577,59.31190302414577,59.11190302414577,59.21190302414577,1482190
2013/07/10,59.01449950977546,59.214499509775465,59.01449950977546,59.11449950977546,1697190
2013/07/11,59.042047749404716,59.24204774940472,59.042047749404716,59.14204774940472,1655190
2013/07/12,59.05763517343153,59.25763517343153,59.05763517343153,59.15763517343153,1313975
2013/07/13,59.17545680546273,59.37545680546273,59.17545680546273,59.27545680546273,1441975
2013/07/14,59.17545680546273,59.37545680546273,59.17545680546273,59.27545680546273,1441975
2013/07/15,59.17545680546273,59.37545680546273,59.17545680546273,59.27545680546273,1441975
2013/07/16,59.10158024583897,59.30158024583897,59.10158024583897,59.20158024583897,1209975
2013/07/17,59.21425057355148,59.414250573551485,59.21425057355148,59.31425057355148,484859
2013/07/18,79.25290615329092,79.25290615329092,79.05290615329093,79.15290615329093,171141
2013/07/19,141.8434841236622,141.8434841236622,140.8434841236622,141.3434841236622,14859
2013/07/20,43.650918438874335,43.75091843887433,43.650918438874335,43.70091843887433,58859
2013/07/21,43.650918438874335,43.75091843887433,43.650918438874335,43.70091843887433,58859
2013/07/22,43.650918438874335,43.75091843887433,43.650918438874335,43.70091843887433,58859
2013/07/23,62.31397685084787,62.513976850847875,62.31397685084787,62.413976850847874,998860
2013/07/24,62.38810604829924,62.588106048299245,62.38810604829924,62.488106048299244,1435860
2013/07/25,62.97799601060927,63.17799601060927,62.97799601060927,63.07799601060927,963596
2013/07/26,63.12184774015445,63.32184774015445,63.12184774015445,63.22184774015445,798596
2013/07/27,62.88723879904744,63.08723879904744,62.88723879904744,62.98723879904744,636596
2013/07/28,62.88723879904744,63.08723879904744,62.88723879904744,62.98723879904744,636596
2013/07/29,62.88723879904744,63.08723879904744,62.88723879904744,62.98723879904744,636596
2013/07/30,63.169428834210464,63.36942883421047,63.169428834210464,63.269428834210466,408860
2013/07/31,63.02081780801456,63.220817808014566,63.02081780801456,63.120817808014564,458860
2013/08/01,63.04573276188961,63.24573276188961,63.04573276188961,63.14573276188961,781644
2013/08/02,63.01780859461929,63.21780859461929,63.01780859461929,63.11780859461929,714644
2013/08/03,63.185193855640826,63.38519385564083,63.185193855640826,63.28519385564083,876644
2013/08/04,63.185193855640826,63.38519385564083,63.185193855640826,63.28519385564083,876644
2013/08/05,63.185193855640826,63.38519385564083,63.185193855640826,63.28519385564083,876644
2013/08/06,63.12337117806458,63.32337117806458,63.12337117806458,63.22337117806458,1022644
2013/08/07,63.09657840381954,63.296578403819545,63.09657840381954,63.196578403819544,1419691
2013/08/08,63.28744846960579,63.487448469605795,63.28744846960579,63.38744846960579,697691
2013/08/09,41.24552380215301,41.24552380215301,41.145523802153015,41.19552380215301,98309
2013/08/10,58.02992262693886,58.02992262693886,57.82992262693886,57.92992262693886,622252
2013/08/11,58.02992262693886,58.02992262693886,57.82992262693886,57.92992262693886,622252
2013/08/12,58.02992262693886,58.02992262693886,57.82992262693886,57.92992262693886,622252
2013/08/13,59.320467603786724,59.320467603786724,59.12046760378672,59.22046760378672,502252
2013/08/14,59.454556990936695,59.454556990936695,59.25455699093669,59.35455699093669,537252
2013/08/15,58.82920515369993,58.82920515369993,58.62920515369993,58.72920515369993,18268
2013/08/16,58.83765166714401,58.83765166714401,58.637651667144006,58.73765166714401,185268
2013/08/17,58.644192825728545,58.84419282572855,58.644192825728545,58.74419282572855,226732
2013/08/18,58.644192825728545,58.84419282572855,58.644192825728545,58.74419282572855,226732
2013/08/19,58.644192825728545,58.84419282572855,58.644192825728545,58.74419282572855,226732
2013/08/20,59.42490518052822,59.62490518052822,59.42490518052822,59.52490518052822,265732
2013/08/21,59.11947097605989,59.31947097605989,59.11947097605989,59.21947097605989,370732
2013/08/22,59.11947097605989,59.31947097605989,59.11947097605989,59.21947097605989,370732
2013/08/23,60.20307499162123,60.40307499162123,60.20307499162123,60.30307499162123,294732
2013/08/24,59.76926114777516,59.969261147775164,59.76926114777516,59.86926114777516,286732
2013/08/25,59.76926114777516,59.969261147775164,59.76926114777516,59.86926114777516,286732
2013/08/26,59.76926114777516,59.969261147775164,59.76926114777516,59.86926114777516,286732
2013/08/27,58.283302735958486,58.48330273595849,58.283302735958486,58.38330273595849,435732
2013/08/28,58.452919357611286,58.65291935761129,58.452919357611286,58.55291935761129,381732
2013/08/29,55.813059222607606,55.813059222607606,55.6130592226076,55.713059222607605,279268
2013/08/30,57.17505056320213,57.17505056320213,56.975050563202124,57.075050563202126,175268
2013/08/31,59.18682720799389,59.386827207993896,59.18682720799389,59.286827207993895,668732
2013/09/01,59.18682720799389,59.386827207993896,59.18682720799389,59.286827207993895,668732
2013/09/02,59.18682720799389,59.386827207993896,59.18682720799389,59.286827207993895,668732
2013/09/03,58.103012061442485,58.30301206144249,58.103012061442485,58.203012061442486,882732
2013/09/04,58.858498160413,59.058498160413,58.858498160413,58.958498160413,1183732
2013/09/05,58.98910325098511,59.18910325098511,58.98910325098511,59.08910325098511,1163732
2013/09/06,58.20802401591906,58.40802401591906,58.20802401591906,58.30802401591906,465732
2013/09/07,58.78622540792454,58.78622540792454,58.58622540792454,58.68622540792454,678268
2013/09/08,58.78622540792454,58.78622540792454,58.58622540792454,58.68622540792454,678268
2013/09/09,58.78622540792454,58.78622540792454,58.58622540792454,58.68622540792454,678268
2013/09/10,63.2604694839725,63.4604694839725,63.2604694839725,63.3604694839725,220732
2013/09/11,62.09011683027188,62.09011683027188,61.89011683027188,61.99011683027188,40268
2013/09/12,59.30540866585398,59.30540866585398,59.10540866585398,59.20540866585398,507268
2013/09/13,61.6395475527171,61.6395475527171,61.439547552717094,61.539547552717096,516268
2013/09/14,60.63092670069282,60.63092670069282,60.430926700692815,60.53092670069282,1259268
2013/09/15,60.63092670069282,60.63092670069282,60.430926700692815,60.53092670069282,1259268
2013/09/16,60.63092670069282,60.63092670069282,60.430926700692815,60.53092670069282,1259268
2013/09/17,60.26266983254813,60.26266983254813,60.062669832548124,60.162669832548126,1258268
2013/09/18,61.015538628308754,61.015538628308754,60.81553862830875,60.91553862830875,2049268
2013/09/19,61.02517516734495,61.02517516734495,60.825175167344945,60.925175167344946,2860708
2013/09/20,61.02517516734495,61.02517516734495,60.825175167344945,60.925175167344946,2860708
2013/09/21,61.02517516734495,61.02517516734495,60.825175167344945,60.925175167344946,2860708
2013/09/22,61.02517516734495,61.02517516734495,60.825175167344945,60.925175167344946,2860708
2013/09/23,61.02517516734495,61.02517516734495,60.825175167344945,60.925175167344946,2860708
2013/09/24,61.02531851962041,61.02531851962041,60.82531851962041,60.92531851962041,2281708
2013/09/25,61.192663040530135,61.192663040530135,60.99266304053013,61.092663040530134,2125708
2013/09/26,61.409891565309486,61.409891565309486,61.20989156530948,61.309891565309485,2391708
2013/09/27,61.56038313846368,61.56038313846368,61.360383138463675,61.460383138463676,3068508
2013/09/28,61.58935577625125,61.58935577625125,61.38935577625125,61.48935577625125,3286058
2013/09/29,61.58935577625125,61.58935577625125,61.38935577625125,61.48935577625125,3286058
2013/09/30,61.58935577625125,61.58935577625125,61.38935577625125,61.48935577625125,3286058
2013/10/01,61.5966003921767,61.5966003921767,61.396600392176694,61.496600392176695,3238308
2013/10/02,61.678771503834625,61.678771503834625,61.47877150383462,61.57877150383462,2711858
2013/10/03,61.75848054428239,61.75848054428239,61.55848054428239,61.65848054428239,2483158
2013/10/04,61.79778502396923,61.79778502396923,61.59778502396923,61.69778502396923,2562094
2013/10/05,61.75544781784722,61.75544781784722,61.55544781784722,61.65544781784722,2562094
2013/10/06,61.75544781784722,61.75544781784722,61.55544781784722,61.65544781784722,2562094
2013/10/07,61.75544781784722,61.75544781784722,61.55544781784722,61.65544781784722,2562094
2013/10/08,61.752352492561414,61.752352492561414,61.55235249256141,61.65235249256141,2336094
2013/10/09,61.88578000848387,61.88578000848387,61.68578000848387,61.78578000848387,1909094
2013/10/10,62.19947928582677,62.19947928582677,61.999479285826766,62.09947928582677,2205861
2013/10/11,62.19947928582677,62.19947928582677,61.999479285826766,62.09947928582677,2205861
2013/10/12,62.370026672661204,62.370026672661204,62.1700266726612,62.2700266726612,2325861
2013/10/13,62.370026672661204,62.370026672661204,62.1700266726612,62.2700266726612,2325861
2013/10/14,62.370026672661204,62.370026672661204,62.1700266726612,62.2700266726612,2325861
2013/10/15,62.67722752021071,62.67722752021071,62.477227520210704,62.577227520210705,2807861
2013/10/16,62.66436016957695,62.66436016957695,62.46436016957695,62.56436016957695,2931311
2013/10/17,62.77905195845223,62.77905195845223,62.579051958452226,62.67905195845223,2737311
2013/10/18,62.572924657079454,62.572924657079454,62.37292465707945,62.47292465707945,2660311
2013/10/19,62.60909598986617,62.60909598986617,62.40909598986617,62.50909598986617,2413311
2013/10/20,62.60909598986617,62.60909598986617,62.40909598986617,62.50909598986617,2413311
2013/10/21,62.60909598986617,62.60909598986617,62.40909598986617,62.50909598986617,2413311
2013/10/22,62.76992109747921,62.76992109747921,62.56992109747921,62.66992109747921,2140311
2013/10/23,62.77104630083875,62.77104630083875,62.571046300838745,62.671046300838746,2203311
2013/10/24,63.28023140552319,63.28023140552319,63.080231405523186,63.18023140552319,2322311
2013/10/25,63.244539103171306,63.244539103171306,63.0445391031713,63.144539103171304,1775311
2013/10/26,63.73400867816809,63.73400867816809,63.534008678168085,63.63400867816809,2297311
2013/10/27,63.73400867816809,63.73400867816809,63.534008678168085,63.63400867816809,2297311
2013/10/28,63.73400867816809,63.73400867816809,63.534008678168085,63.63400867816809,2297311
2013/10/29,63.958616328217055,63.958616328217055,63.75861632821705,63.85861632821705,2052311
2013/10/30,64.15168331076025,64.15168331076025,63.95168331076025,64.05168331076025,2042611
2013/10/31,64.58885340239287,64.58885340239287,64.38885340239288,64.48885340239288,1557611
2013/11/01,64.12291816206805,64.12291816206805,63.92291816206805,64.02291816206805,1941611
2013/11/02,64.41112854949932,64.41112854949932,64.21112854949934,64.31112854949933,1644611
2013/11/03,64.41112854949932,64.41112854949932,64.21112854949934,64.31112854949933,1644611
2013/11/04,64.41112854949932,64.41112854949932,64.21112854949934,64.31112854949933,1644611
2013/11/05,63.99162326637726,63.99162326637726,63.79162326637726,63.89162326637726,2331036
2013/11/06,63.828144938644755,63.828144938644755,63.62814493864475,63.72814493864475,2490496
2013/11/07,63.69503050201689,63.69503050201689,63.49503050201689,63.59503050201689,2782496
2013/11/08,63.902087763966094,63.902087763966094,63.70208776396609,63.80208776396609,2558496
2013/11/09,63.88983183353238,63.88983183353238,63.689831833532374,63.789831833532375,2665499
2013/11/10,63.88983183353238,63.88983183353238,63.689831833532374,63.789831833532375,2665499
2013/11/11,63.88983183353238,63.88983183353238,63.689831833532374,63.789831833532375,2665499
2013/11/12,63.77359920017806,63.77359920017806,63.57359920017806,63.67359920017806,2880499
2013/11/13,63.668862666713345,63.668862666713345,63.46886266671334,63.56886266671334,2861499
2013/11/14,63.34537342767145,63.34537342767145,63.145373427671444,63.245373427671446,3445499
2013/11/15,63.47398676808424,63.47398676808424,63.273986768084235,63.37398676808424,3140499
2013/11/16,63.35509467579772,63.35509467579772,63.15509467579772,63.25509467579772,3054499
2013/11/17,63.35509467579772,63.35509467579772,63.15509467579772,63.25509467579772,3054499
2013/11/18,63.35509467579772,63.35509467579772,63.15509467579772,63.25509467579772,3054499
2013/11/19,63.40439819734934,63.40439819734934,63.204398197349335,63.304398197349336,2886499
2013/11/20,63.44159737241419,63.44159737241419,63.24159737241419,63.34159737241419,2539496
2013/11/21,63.762346759711974,63.762346759711974,63.56234675971197,63.66234675971197,2362896
2013/11/22,63.762346759711974,63.762346759711974,63.56234675971197,63.66234675971197,2362896
2013/11/23,63.82251521596676,63.82251521596676,63.62251521596676,63.72251521596676,2298896
2013/11/24,63.82251521596676,63.82251521596676,63.62251521596676,63.72251521596676,2298896
2013/11/25,63.82251521596676,63.82251521596676,63.62251521596676,63.72251521596676,2298896
2013/11/26,64.49196099299307,64.49196099299307,64.29196099299308,64.39196099299308,1062780
2013/11/27,64.89876034013545,64.89876034013545,64.69876034013546,64.79876034013546,271780
2013/11/28,64.87891927030135,64.87891927030135,64.67891927030136,64.77891927030136,162780
2013/11/29,64.82731266078483,64.82731266078483,64.62731266078484,64.72731266078483,10780
2013/11/30,64.65581221106291,64.65581221106291,64.45581221106292,64.55581221106291,170780
2013/12/01,64.65581221106291,64.65581221106291,64.45581221106292,64.55581221106291,170780
2013/12/02,64.65581221106291,64.65581221106291,64.45581221106292,64.55581221106291,170780
2013/12/03,64.75844519344666,64.75844519344666,64.55844519344667,64.65844519344667,507780
2013/12/04,65.05793851984924,65.05793851984924,64.85793851984926,64.95793851984925,505780
2013/12/05,89.69371892098468,89.89371892098467,89.69371892098468,89.79371892098467,9220
2013/12/06,69.0824168328596,69.0824168328596,68.8824168328596,68.9824168328596,91780
2013/12/07,65.29517660665915,65.49517660665914,65.29517660665915,65.39517660665915,9220
2013/12/08,65.29517660665915,65.49517660665914,65.29517660665915,65.39517660665915,9220
2013/12/09,65.29517660665915,65.49517660665914,65.29517660665915,65.39517660665915,9220
2013/12/10,68.26141248453652,68.26141248453652,68.06141248453653,68.16141248453653,74780
2013/12/11,68.26141248453652,68.26141248453652,68.06141248453653,68.16141248453653,74780
2013/12/12,68.3275102725024,68.3275102725024,68.1275102725024,68.2275102725024,544780
2013/12/13,68.82212976946197,68.82212976946197,68.62212976946198,68.72212976946197,518780
2013/12/14,68.82212976946197,68.82212976946197,68.62212976946198,68.72212976946197,518780
2013/12/15,68.82212976946197,68.82212976946197,68.62212976946198,68.72212976946197,518780
2013/12/16,68.82212976946197,68.82212976946197,68.62212976946198,68.72212976946197,518780
2013/12/17,67.6620033318137,67.6620033318137,67.4620033318137,67.5620033318137,693780
2013/12/18,67.69317651567842,67.69317651567842,67.49317651567843,67.59317651567842,704780
2013/12/19,67.69317651567842,67.69317651567842,67.49317651567843,67.59317651567842,704780
2013/12/20,67.69317651567842,67.69317651567842,67.49317651567843,67.59317651567842,704780
2013/12/21,66.7497507927133,66.7497507927133,66.54975079271331,66.6497507927133,966827
2013/12/22,66.7497507927133,66.7497507927133,66.54975079271331,66.6497507927133,966827
2013/12/23,66.7497507927133,66.7497507927133,66.54975079271331,66.6497507927133,966827
2013/12/24,66.7497507927133,66.7497507927133,66.54975079271331,66.6497507927133,966827
2013/12/25,67.98273043810471,67.98273043810471,67.78273043810472,67.88273043810472,391827
2013/12/26,67.98273043810471,67.98273043810471,67.78273043810472,67.88273043810472,391827
2013/12/27,67.8939007036089,68.0939007036089,67.8939007036089,67.9939007036089,455173
2013/12/28,67.8939007036089,68.0939007036089,67.8939007036089,67.9939007036089,455173
2013/12/29,67.8939007036089,68.0939007036089,67.8939007036089,67.9939007036089,455173
2013/12/30,67.8939007036089,68.0939007036089,67.8939007036089,67.9939007036089,455173
2013/12/31,67.67675652394588,67.87675652394587,67.67675652394588,67.77675652394588,1338116
2014/01/01,68.68393787297745,68.88393787297744,68.68393787297745,68.78393787297745,1281143
2014/01/02,68.68393787297745,68.88393787297744,68.68393787297745,68.78393787297745,1281143
2014/01/03,68.68393787297745,68.88393787297744,68.68393787297745,68.78393787297745,1281143
2014/01/04,68.6446569847872,68.84465698478719,68.6446569847872,68.7446569847872,1116143
2014/01/05,68.6446569847872,68.84465698478719,68.6446569847872,68.7446569847872,1116143
2014/01/06,68.6446569847872,68.84465698478719,68.6446569847872,68.7446569847872,1116143
2014/01/07,68.6446569847872,68.84465698478719,68.6446569847872,68.7446569847872,1116143
2014/01/08,68.6446569847872,68.84465698478719,68.6446569847872,68.7446569847872,1116143
2014/01/09,68.74950408310009,68.94950408310008,68.74950408310009,68.84950408310009,924159
2014/01/10,68.74950408310009,68.94950408310008,68.74950408310009,68.84950408310009,924159
2014/01/11,68.61850845726873,68.81850845726872,68.61850845726873,68.71850845726873,1013159
2014/01/12,68.61850845726873,68.81850845726872,68.61850845726873,68.71850845726873,1013159
2014/01/13,68.61850845726873,68.81850845726872,68.61850845726873,68.71850845726873,1013159
2014/01/14,68.13973561218121,68.3397356121812,68.13973561218121,68.2397356121812,1259159
2014/01/15,68.13973561218121,68.3397356121812,68.13973561218121,68.2397356121812,1259159
2014/01/16,67.7450653038734,67.94506530387339,67.7450653038734,67.8450653038734,1631159
2014/01/17,67.69314837777756,67.89314837777755,67.69314837777756,67.79314837777756,1905159
2014/01/18,67.69314837777756,67.89314837777755,67.69314837777756,67.79314837777756,1905159
2014/01/19,67.69314837777756,67.89314837777755,67.69314837777756,67.79314837777756,1905159
2014/01/20,67.69314837777756,67.89314837777755,67.69314837777756,67.79314837777756,1905159
2014/01/21,67.66971167653202,67.869711676532,67.66971167653202,67.76971167653201,2337159
2014/01/22,67.66971167653202,67.869711676532,67.66971167653202,67.76971167653201,2337159
2014/01/23,67.69434181802771,67.8943418180277,67.69434181802771,67.7943418180277,2273159
2014/01/24,67.69434181802771,67.8943418180277,67.69434181802771,67.7943418180277,2273159
2014/01/25,67.42351411542256,67.62351411542255,67.42351411542256,67.52351411542256,2541159
2014/01/26,67.42351411542256,67.62351411542255,67.42351411542256,67.52351411542256,2541159
2014/01/27,67.42351411542256,67.62351411542255,67.42351411542256,67.52351411542256,2541159
2014/01/28,67.42351411542256,67.62351411542255,67.42351411542256,67.52351411542256,2541159
2014/01/29,67.42351411542256,67.62351411542255,67.42351411542256,67.52351411542256,2541159
2014/01/30,67.42351411542256,67.62351411542255,67.42351411542256,67.52351411542256,2541159
2014/01/31,67.42351411542256,67.62351411542255,67.42351411542256,67.52351411542256,2541159
2014/02/01,67.42351411542256,67.62351411542255,67.42351411542256,67.52351411542256,2541159
2014/02/02,67.42351411542256,67.62351411542255,67.42351411542256,67.52351411542256,2541159
2014/02/03,67.42351411542256,67.62351411542255,67.42351411542256,67.52351411542256,2541159
2014/02/04,67.42351411542256,67.62351411542255,67.42351411542256,67.52351411542256,2541159
2014/02/05,67.42351411542256,67.62351411542255,67.42351411542256,67.52351411542256,2541159
2014/02/06,67.45853799643037,67.65853799643035,67.45853799643037,67.55853799643036,2071159
2014/02/07,67.45853799643037,67.65853799643035,67.45853799643037,67.55853799643036,2071159
2014/02/08,67.36914816579664,67.56914816579663,67.36914816579664,67.46914816579664,2317159
2014/02/09,67.36914816579664,67.56914816579663,67.36914816579664,67.46914816579664,2317159
2014/02/10,67.36914816579664,67.56914816579663,67.36914816579664,67.46914816579664,2317159
2014/02/11,67.36914816579664,67.56914816579663,67.36914816579664,67.46914816579664,2317159
2014/02/12,67.34658867671146,67.54658867671145,67.34658867671146,67.44658867671146,1700159
2014/02/13,67.05305811323714,67.25305811323713,67.05305811323714,67.15305811323714,1385159
2014/02/14,67.05305811323714,67.25305811323713,67.05305811323714,67.15305811323714,1385159
2014/02/15,67.07968491360704,67.27968491360703,67.07968491360704,67.17968491360703,2025159
2014/02/16,67.07968491360704,67.27968491360703,67.07968491360704,67.17968491360703,2025159
2014/02/17,67.07968491360704,67.27968491360703,67.07968491360704,67.17968491360703,2025159
2014/02/18,67.07968491360704,67.27968491360703,67.07968491360704,67.17968491360703,2025159
2014/02/19,67.24323159686168,67.44323159686166,67.24323159686168,67.34323159686167,2298159
2014/02/20,67.24323159686168,67.44323159686166,67.24323159686168,67.34323159686167,2298159
2014/02/21,67.16490180500806,67.36490180500805,67.16490180500806,67.26490180500805,2357159
2014/02/22,67.16490180500806,67.36490180500805,67.16490180500806,67.26490180500805,2357159
2014/02/23,67.16490180500806,67.36490180500805,67.16490180500806,67.26490180500805,2357159
2014/02/24,67.16490180500806,67.36490180500805,67.16490180500806,67.26490180500805,2357159
2014/02/25,67.17812807858017,67.37812807858016,67.17812807858017,67.27812807858017,2293159
2014/02/26,67.17812807858017,67.37812807858016,67.17812807858017,67.27812807858017,2293159
2014/02/27,67.0464617261955,67.24646172619549,67.0464617261955,67.1464617261955,2497159
2014/02/28,67.107937332345,67.30793733234499,67.107937332345,67.207937332345,1799159
2014/03/01,67.107937332345,67.30793733234499,67.107937332345,67.207937332345,1799159
2014/03/02,67.107937332345,67.30793733234499,67.107937332345,67.207937332345,1799159
2014/03/03,67.107937332345,67.30793733234499,67.107937332345,67.207937332345,1799159
2014/03/04,67.21498192271063,67.41498192271062,67.21498192271063,67.31498192271063,1875159
2014/03/05,67.11254235784708,67.31254235784706,67.11254235784708,67.21254235784707,2051159
2014/03/06,67.17481005728914,67.37481005728912,67.17481005728914,67.27481005728913,1937159
2014/03/07,67.06955419165003,67.26955419165002,67.06955419165003,67.16955419165002,2094159
2014/03/08,67.07690372418205,67.27690372418203,67.07690372418205,67.17690372418204,1405159
2014/03/09,67.07690372418205,67.27690372418203,67.07690372418205,67.17690372418204,1405159
2014/03/10,67.07690372418205,67.27690372418203,67.07690372418205,67.17690372418204,1405159
2014/03/11,67.1733945988412,67.37339459884119,67.1733945988412,67.2733945988412,1846159
2014/03/12,67.2029305816677,67.40293058166769,67.2029305816677,67.3029305816677,1782599
2014/03/13,67.14954503374238,67.34954503374237,67.14954503374238,67.24954503374238,1746599
2014/03/14,67.11841990029083,67.31841990029082,67.11841990029083,67.21841990029083,1726389
2014/03/15,66.99139679281126,67.19139679281125,66.99139679281126,67.09139679281125,1908389
2014/03/16,66.99139679281126,67.19139679281125,66.99139679281126,67.09139679281125,1908389
2014/03/17,66.99139679281126,67.19139679281125,66.99139679281126,67.09139679281125,1908389
2014/03/18,66.79531486866954,66.99531486866952,66.79531486866954,66.89531486866953,2150189
2014/03/19,66.75477526280537,66.95477526280536,66.75477526280537,66.85477526280536,1998739
2014/03/20,66.03044074266465,66.23044074266464,66.03044074266465,66.13044074266465,2746989
2014/03/21,66.02887340623447,66.22887340623446,66.02887340623447,66.12887340623446,2616539
2014/03/22,65.79483007039771,65.9948300703977,65.79483007039771,65.8948300703977,2846251
2014/03/23,65.79483007039771,65.9948300703977,65.79483007039771,65.8948300703977,2846251
2014/03/24,65.79483007039771,65.9948300703977,65.79483007039771,65.8948300703977,2846251
2014/03/25,65.75801454085523,65.95801454085522,65.75801454085523,65.85801454085522,2944194
2014/03/26,65.75905497547056,65.95905497547055,65.75905497547056,65.85905497547056,2795194
2014/03/27,65.7345529928594,65.9345529928594,65.7345529928594,65.8345529928594,2526194
2014/03/28,65.70849723689085,65.90849723689084,65.70849723689085,65.80849723689084,2318194
2014/03/29,65.74642078018555,65.94642078018553,65.74642078018555,65.84642078018554,2550194
2014/03/30,65.74642078018555,65.94642078018553,65.74642078018555,65.84642078018554,2550194
2014/03/31,65.74642078018555,65.94642078018553,65.74642078018555,65.84642078018554,2550194
2014/04/01,65.7568104436391,65.95681044363909,65.7568104436391,65.85681044363909,2655194
2014/04/02,65.74954538472026,65.94954538472025,65.74954538472026,65.84954538472026,2967124
2014/04/03,65.74616235602097,65.94616235602096,65.74616235602097,65.84616235602097,3016574
2014/04/04,65.70053270025087,65.90053270025086,65.70053270025087,65.80053270025087,3081574
2014/04/05,65.70053270025087,65.90053270025086,65.70053270025087,65.80053270025087,3081574
2014/04/06,65.70053270025087,65.90053270025086,65.70053270025087,65.80053270025087,3081574
2014/04/07,65.70053270025087,65.90053270025086,65.70053270025087,65.80053270025087,3081574
2014/04/08,65.69673282643791,65.8967328264379,65.69673282643791,65.7967328264379,2652574
2014/04/09,65.67410944723507,65.87410944723506,65.67410944723507,65.77410944723506,2481574
2014/04/10,65.67136531827849,65.87136531827848,65.67136531827849,65.77136531827848,2428574
2014/04/11,65.60266526724476,65.80266526724475,65.60266526724476,65.70266526724475,2685574
2014/04/12,65.63187550936338,65.83187550936337,65.63187550936338,65.73187550936338,3027574
2014/04/13,65.63187550936338,65.83187550936337,65.63187550936338,65.73187550936338,3027574
2014/04/14,65.63187550936338,65.83187550936337,65.63187550936338,65.73187550936338,3027574
2014/04/15,65.53154957484122,65.73154957484121,65.53154957484122,65.63154957484122,2412574
2014/04/16,65.62146604124108,65.82146604124107,65.62146604124108,65.72146604124107,2751574
2014/04/17,65.62041347086095,65.82041347086094,65.62041347086095,65.72041347086095,2238574
2014/04/18,65.6288232906056,65.82882329060558,65.6288232906056,65.72882329060559,1971874
2014/04/19,65.6126268460084,65.81262684600838,65.6126268460084,65.71262684600839,1829874
2014/04/20,65.6126268460084,65.81262684600838,65.6126268460084,65.71262684600839,1829874
2014/04/21,65.6126268460084,65.81262684600838,65.6126268460084,65.71262684600839,1829874
2014/04/22,65.62704936103327,65.82704936103326,65.62704936103327,65.72704936103327,1857874
2014/04/23,65.61801138643045,65.81801138643044,65.61801138643045,65.71801138643045,1800874
2014/04/24,65.64107741397682,65.8410774139768,65.64107741397682,65.74107741397681,1831299
2014/04/25,65.6386834308914,65.8386834308914,65.6386834308914,65.7386834308914,1513759
2014/04/26,65.64386724368917,65.84386724368916,65.64386724368917,65.74386724368917,1494759
2014/04/27,65.64386724368917,65.84386724368916,65.64386724368917,65.74386724368917,1494759
2014/04/28,65.64386724368917,65.84386724368916,65.64386724368917,65.74386724368917,1494759
2014/04/29,65.63475461997493,65.83475461997492,65.63475461997493,65.73475461997492,1603759
2014/04/30,65.63939959612259,65.83939959612258,65.63939959612259,65.73939959612258,1614759
2014/05/01,65.63631342690381,65.8363134269038,65.63631342690381,65.7363134269038,1630759
2014/05/02,65.63631342690381,65.8363134269038,65.63631342690381,65.7363134269038,1630759
2014/05/03,65.6354485511131,65.83544855111309,65.6354485511131,65.7354485511131,1445759
2014/05/04,65.6354485511131,65.83544855111309,65.6354485511131,65.7354485511131,1445759
2014/05/05,65.6354485511131,65.83544855111309,65.6354485511131,65.7354485511131,1445759
2014/05/06,65.6342538170408,65.83425381704079,65.6342538170408,65.7342538170408,1281759
2014/05/07,65.63337102916313,65.83337102916312,65.63337102916313,65.73337102916312,1023669
2014/05/08,65.59265577137869,65.79265577137868,65.59265577137869,65.69265577137868,355669
2014/05/09,65.57942776837723,65.77942776837722,65.57942776837723,65.67942776837722,77669
2014/05/10,65.45035884982101,65.45035884982101,65.25035884982103,65.35035884982102,392331
2014/05/11,65.45035884982101,65.45035884982101,65.25035884982103,65.35035884982102,392331
2014/05/12,65.45035884982101,65.45035884982101,65.25035884982103,65.35035884982102,392331
2014/05/13,65.70997580385036,65.70997580385036,65.50997580385037,65.60997580385036,226931
2014/05/14,65.62419181271694,65.62419181271694,65.42419181271696,65.52419181271695,281931
2014/05/15,64.97250028070263,64.97250028070263,64.77250028070264,64.87250028070264,504931
2014/05/16,65.14351148548756,65.14351148548756,64.94351148548758,65.04351148548757,688931
2014/05/17,65.17988328138851,65.17988328138851,64.97988328138852,65.07988328138852,769931
2014/05/18,65.17988328138851,65.17988328138851,64.97988328138852,65.07988328138852,769931
2014/05/19,65.17988328138851,65.17988328138851,64.97988328138852,65.07988328138852,769931
2014/05/20,65.2769042111333,65.2769042111333,65.07690421113331,65.1769042111333,861724
2014/05/21,65.37186928365045,65.37186928365045,65.17186928365047,65.27186928365046,868724
2014/05/22,65.27795238976664,65.27795238976664,65.07795238976665,65.17795238976665,645724
2014/05/23,65.19155390770138,65.19155390770138,64.99155390770139,65.09155390770138,301724
2014/05/24,65.44155051142762,65.44155051142762,65.24155051142763,65.34155051142763,665724
2014/05/25,65.44155051142762,65.44155051142762,65.24155051142763,65.34155051142763,665724
2014/05/26,65.44155051142762,65.44155051142762,65.24155051142763,65.34155051142763,665724
2014/05/27,65.20419464159883,65.20419464159883,65.00419464159884,65.10419464159884,304724
2014/05/28,65.19886167267984,65.19886167267984,64.99886167267985,65.09886167267985,192724
2014/05/29,65.57212616905532,65.57212616905532,65.37212616905533,65.47212616905533,139724
2014/05/30,67.12302989077483,67.32302989077482,67.12302989077483,67.22302989077482,18276
2014/05/31,66.53172756579404,66.73172756579403,66.53172756579404,66.63172756579404,59276
2014/06/01,66.53172756579404,66.73172756579403,66.53172756579404,66.63172756579404,59276
2014/06/02,66.53172756579404,66.73172756579403,66.53172756579404,66.63172756579404,59276
2014/06/03,66.53172756579404,66.73172756579403,66.53172756579404,66.63172756579404,59276
2014/06/04,67.61237584972437,67.61237584972437,67.41237584972438,67.51237584972438,45724
2014/06/05,67.66638519262541,67.8663851926254,67.66638519262541,67.7663851926254,49776
2014/06/06,67.35857028765513,67.35857028765513,67.15857028765514,67.25857028765513,139224
2014/06/07,67.1451333803574,67.1451333803574,66.9451333803574,67.0451333803574,164224
2014/06/08,67.1451333803574,67.1451333803574,66.9451333803574,67.0451333803574,164224
2014/06/09,67.1451333803574,67.1451333803574,66.9451333803574,67.0451333803574,164224
2014/06/10,68.60429009802013,68.80429009802012,68.60429009802013,68.70429009802012,200776
2014/06/11,66.09438395828705,66.09438395828705,65.89438395828707,65.99438395828706,126224
2014/06/12,66.00969165664328,66.00969165664328,65.8096916566433,65.90969165664329,334251
2014/06/13,66.84224043279988,66.84224043279988,66.6422404327999,66.74224043279989,215251
2014/06/14,66.38584151138988,66.38584151138988,66.1858415113899,66.28584151138989,384251
2014/06/15,66.38584151138988,66.38584151138988,66.1858415113899,66.28584151138989,384251
2014/06/16,66.38584151138988,66.38584151138988,66.1858415113899,66.28584151138989,384251
2014/06/17,66.46161147410845,66.46161147410845,66.26161147410846,66.36161147410846,284251
2014/06/18,66.1897206688016,66.1897206688016,65.98972066880161,66.0897206688016,621251
2014/06/19,66.82807166215245,66.82807166215245,66.62807166215246,66.72807166215246,1212251
2014/06/20,66.6782798044143,66.6782798044143,66.47827980441431,66.57827980441431,1195251
2014/06/21,66.71868831259611,66.71868831259611,66.51868831259613,66.61868831259612,1295251
2014/06/22,66.71868831259611,66.71868831259611,66.51868831259613,66.61868831259612,1295251
2014/06/23,66.71868831259611,66.71868831259611,66.51868831259613,66.61868831259612,1295251
2014/06/24,66.72599224487027,66.72599224487027,66.52599224487028,66.62599224487028,1229251
2014/06/25,66.40476592694489,66.40476592694489,66.2047659269449,66.3047659269449,1182251
2014/06/26,66.77986854891758,66.77986854891758,66.57986854891759,66.67986854891758,168251
2014/06/27,104.38999829753226,105.38999829753226,104.38999829753226,104.88999829753226,14749
2014/06/28,63.13007684922168,63.13007684922168,62.93007684922168,63.03007684922168,57251
2014/06/29,63.13007684922168,63.13007684922168,62.93007684922168,63.03007684922168,57251
2014/06/30,63.13007684922168,63.13007684922168,62.93007684922168,63.03007684922168,57251
2014/07/01,72.55855531558743,72.75855531558742,72.55855531558743,72.65855531558742,196749
2014/07/02,73.45721204395052,73.65721204395051,73.45721204395052,73.55721204395051,1153749
2014/07/03,78.49261130005658,78.49261130005658,78.29261130005659,78.39261130005659,268251
2014/07/04,53.784929140510165,53.98492914051017,53.784929140510165,53.88492914051017,84749
2014/07/05,65.2040717875121,65.4040717875121,65.2040717875121,65.3040717875121,229749
2014/07/06,65.2040717875121,65.4040717875121,65.2040717875121,65.3040717875121,229749
2014/07/07,65.2040717875121,65.4040717875121,65.2040717875121,65.3040717875121,229749
2014/07/08,70.49470255052927,70.69470255052926,70.49470255052927,70.59470255052926,790749
2014/07/09,71.54831639394595,71.74831639394594,71.54831639394595,71.64831639394595,1353749
2014/07/10,72.97743476995444,73.17743476995443,72.97743476995444,73.07743476995444,1336749
2014/07/11,72.85126548446469,73.05126548446468,72.85126548446469,72.95126548446468,1420749
2014/07/12,72.84774300113226,73.04774300113225,72.84774300113226,72.94774300113225,740749
2014/07/13,72.84774300113226,73.04774300113225,72.84774300113226,72.94774300113225,740749
2014/07/14,72.84774300113226,73.04774300113225,72.84774300113226,72.94774300113225,740749
2014/07/15,72.84066657350225,73.04066657350224,72.84066657350225,72.94066657350224,728749
2014/07/16,72.82838975433886,73.02838975433885,72.82838975433886,72.92838975433885,737749
2014/07/17,70.34869505036856,70.34869505036856,70.14869505036857,70.24869505036857,245481
2014/07/18,70.50997407765342,70.50997407765342,70.30997407765344,70.40997407765343,267481
2014/07/19,71.88915987527973,71.88915987527973,71.68915987527974,71.78915987527974,1642481
2014/07/20,71.88915987527973,71.88915987527973,71.68915987527974,71.78915987527974,1642481
2014/07/21,71.88915987527973,71.88915987527973,71.68915987527974,71.78915987527974,1642481
2014/07/22,71.83167086504213,71.83167086504213,71.63167086504214,71.73167086504213,1529271
2014/07/23,71.82244861622867,71.82244861622867,71.62244861622868,71.72244861622868,1511271
2014/07/24,71.82244861622867,71.82244861622867,71.62244861622868,71.72244861622868,1511271
2014/07/25,72.05806885481913,72.05806885481913,71.85806885481914,71.95806885481913,2507271
2014/07/26,71.98905171995949,71.98905171995949,71.7890517199595,71.8890517199595,2163271
2014/07/27,71.98905171995949,71.98905171995949,71.7890517199595,71.8890517199595,2163271
2014/07/28,71.98905171995949,71.98905171995949,71.7890517199595,71.8890517199595,2163271
2014/07/29,71.9850830930574,71.9850830930574,71.78508309305741,71.8850830930574,2748271
2014/07/30,71.9746781362369,71.9746781362369,71.77467813623691,71.87467813623691,2740271
2014/07/31,72.2339081901413,72.2339081901413,72.03390819014132,72.13390819014131,3063683
2014/08/01,72.14502998318538,72.14502998318538,71.94502998318539,72.04502998318539,3276683
2014/08/02,72.16843131150377,72.16843131150377,71.96843131150378,72.06843131150377,3193683
2014/08/03,72.16843131150377,72.16843131150377,71.96843131150378,72.06843131150377,3193683
2014/08/04,72.16843131150377,72.16843131150377,71.96843131150378,72.06843131150377,3193683
2014/08/05,72.14480210122633,72.14480210122633,71.94480210122634,72.04480210122634,3159683
2014/08/06,71.87387127285035,71.87387127285035,71.67387127285036,71.77387127285036,3306683
2014/08/07,71.77865685185282,71.77865685185282,71.57865685185283,71.67865685185282,3397683
2014/08/08,71.69782102168365,71.69782102168365,71.49782102168366,71.59782102168366,3513683
2014/08/09,71.469264264824,71.469264264824,71.26926426482402,71.36926426482401,3444613
2014/08/10,71.469264264824,71.469264264824,71.26926426482402,71.36926426482401,3444613
2014/08/11,71.469264264824,71.469264264824,71.26926426482402,71.36926426482401,3444613
2014/08/12,71.47046759307774,71.47046759307774,71.27046759307775,71.37046759307775,3458613
2014/08/13,71.52496160505002,71.52496160505002,71.32496160505004,71.42496160505003,3838613
2014/08/14,71.48732846401985,71.48732846401985,71.28732846401986,71.38732846401986,3971613
2014/08/15,71.42875310696077,71.42875310696077,71.22875310696078,71.32875310696078,4341613
2014/08/16,71.43626760692642,71.43626760692642,71.23626760692643,71.33626760692643,4344613
2014/08/17,71.43626760692642,71.43626760692642,71.23626760692643,71.33626760692643,4344613
2014/08/18,71.43626760692642,71.43626760692642,71.23626760692643,71.33626760692643,4344613
2014/08/19,71.4059466379096,71.4059466379096,71.2059466379096,71.3059466379096,4625613
2014/08/20,71.37480555481957,71.37480555481957,71.17480555481959,71.27480555481958,4698613
2014/08/21,71.3620169659882,71.3620169659882,71.16201696598822,71.26201696598821,5126613
2014/08/22,71.36987917174932,71.36987917174932,71.16987917174933,71.26987917174932,5016613
2014/08/23,71.13115224466749,71.13115224466749,70.9311522446675,71.0311522446675,4728613
2014/08/24,71.13115224466749,71.13115224466749,70.9311522446675,71.0311522446675,4728613
2014/08/25,71.13115224466749,71.13115224466749,70.9311522446675,71.0311522446675,4728613
2014/08/26,71.12497184321245,71.12497184321245,70.92497184321246,71.02497184321246,4316613
2014/08/27,71.12614114169197,71.12614114169197,70.92614114169199,71.02614114169198,4328613
2014/08/28,71.1347904827325,71.1347904827325,70.93479048273251,71.0347904827325,4344613
2014/08/29,71.1347904827325,71.1347904827325,70.93479048273251,71.0347904827325,4340613
2014/08/30,71.082139728586,71.082139728586,70.88213972858601,70.982139728586,4216613
2014/08/31,71.082139728586,71.082139728586,70.88213972858601,70.982139728586,4216613
2014/09/01,71.082139728586,71.082139728586,70.88213972858601,70.982139728586,4216613
2014/09/02,70.99979269995352,70.99979269995352,70.79979269995353,70.89979269995352,3934613
2014/09/03,70.9746370784604,70.9746370784604,70.77463707846042,70.87463707846041,4026613
2014/09/04,70.98877718035482,70.98877718035482,70.78877718035483,70.88877718035482,4114613
2014/09/05,70.94876657384087,70.94876657384087,70.74876657384088,70.84876657384088,4083613
2014/09/06,70.93733484381208,70.93733484381208,70.73733484381209,70.83733484381209,4034613
2014/09/07,70.93733484381208,70.93733484381208,70.73733484381209,70.83733484381209,4034613
2014/09/08,70.93733484381208,70.93733484381208,70.73733484381209,70.83733484381209,4034613
2014/09/09,70.93733484381208,70.93733484381208,70.73733484381209,70.83733484381209,4034613
2014/09/10,70.9377196292388,70.9377196292388,70.73771962923881,70.8377196292388,4036613
2014/09/11,70.90092531117666,70.90092531117666,70.70092531117668,70.80092531117667,3956613
2014/09/12,70.8427574199381,70.8427574199381,70.6427574199381,70.7427574199381,3787523
2014/09/13,70.54168561210942,70.54168561210942,70.34168561210943,70.44168561210942,3723523
2014/09/14,70.54168561210942,70.54168561210942,70.34168561210943,70.44168561210942,3723523
2014/09/15,70.54168561210942,70.54168561210942,70.34168561210943,70.44168561210942,3723523
2014/09/16,70.47132585935378,70.47132585935378,70.2713258593538,70.37132585935379,3417523
2014/09/17,70.40666180829447,70.40666180829447,70.20666180829448,70.30666180829448,3161523
2014/09/18,70.39623282749902,70.39623282749902,70.19623282749903,70.29623282749903,3072523
2014/09/19,70.35787342687091,70.35787342687091,70.15787342687092,70.25787342687092,2969523
2014/09/20,70.39777730386189,70.39777730386189,70.1977773038619,70.29777730386189,3037523
2014/09/21,70.39777730386189,70.39777730386189,70.1977773038619,70.29777730386189,3037523
2014/09/22,70.39777730386189,70.39777730386189,70.1977773038619,70.29777730386189,3037523
2014/09/23,70.36411053930516,70.36411053930516,70.16411053930517,70.26411053930516,3017523
2014/09/24,70.29883588793075,70.29883588793075,70.09883588793076,70.19883588793076,3185523
2014/09/25,70.3576292773795,70.3576292773795,70.15762927737951,70.25762927737951,3328683
2014/09/26,70.31731489890315,70.31731489890315,70.11731489890316,70.21731489890315,3500683
2014/09/27,70.34377682767717,70.34377682767717,70.14377682767719,70.24377682767718,3506683
2014/09/28,70.34377682767717,70.34377682767717,70.14377682767719,70.24377682767718,3506683
2014/09/29,70.34377682767717,70.34377682767717,70.14377682767719,70.24377682767718,3506683
2014/09/30,70.40697230407436,70.40697230407436,70.20697230407437,70.30697230407436,3640683
2014/10/01,70.42104266442622,70.42104266442622,70.22104266442624,70.32104266442623,3477683
2014/10/02,70.42512790550498,70.42512790550498,70.22512790550499,70.32512790550498,3482683
2014/10/03,70.48684920739377,70.48684920739377,70.28684920739379,70.38684920739378,2869343
2014/10/04,70.47990325134583,70.47990325134583,70.27990325134584,70.37990325134584,2760343
2014/10/05,70.47990325134583,70.47990325134583,70.27990325134584,70.37990325134584,2760343
2014/10/06,70.47990325134583,70.47990325134583,70.27990325134584,70.37990325134584,2760343
2014/10/07,70.20787326452007,70.20787326452007,70.00787326452009,70.10787326452008,2840343
2014/10/08,69.95130581822067,69.95130581822067,69.75130581822069,69.85130581822068,3002343
2014/10/09,69.40961530589284,69.40961530589284,69.20961530589285,69.30961530589285,3298343
2014/10/10,69.52747626453925,69.52747626453925,69.32747626453926,69.42747626453925,3466843
2014/10/11,69.52747626453925,69.52747626453925,69.32747626453926,69.42747626453925,3466843
2014/10/12,69.52747626453925,69.52747626453925,69.32747626453926,69.42747626453925,3466843
2014/10/13,69.52747626453925,69.52747626453925,69.32747626453926,69.42747626453925,3466843
2014/10/14,69.45815152730579,69.45815152730579,69.2581515273058,69.3581515273058,3381843
2014/10/15,69.44089082292872,69.44089082292872,69.24089082292873,69.34089082292873,3407843
2014/10/16,69.4419309106491,69.4419309106491,69.24193091064912,69.34193091064911,3998843
2014/10/17,69.54850559163275,69.54850559163275,69.34850559163276,69.44850559163275,4185843
2014/10/18,69.4244249334712,69.4244249334712,69.22442493347121,69.3244249334712,4286843
2014/10/19,69.4244249334712,69.4244249334712,69.22442493347121,69.3244249334712,4286843
2014/10/20,69.4244249334712,69.4244249334712,69.22442493347121,69.3244249334712,4286843
2014/10/21,69.32320024145814,69.32320024145814,69.12320024145815,69.22320024145814,4258843
2014/10/22,69.33465717911241,69.33465717911241,69.13465717911242,69.23465717911242,4313843
2014/10/23,69.29480573485957,69.29480573485957,69.09480573485958,69.19480573485957,4396843
2014/10/24,69.36469351445868,69.36469351445868,69.16469351445869,69.26469351445868,4525984
2014/10/25,69.09960563344526,69.09960563344526,68.89960563344528,68.99960563344527,4360984
2014/10/26,69.09960563344526,69.09960563344526,68.89960563344528,68.99960563344527,4360984
2014/10/27,69.09960563344526,69.09960563344526,68.89960563344528,68.99960563344527,4360984
2014/10/28,69.22547232601514,69.22547232601514,69.02547232601515,69.12547232601514,4480984
2014/10/29,69.20979241526148,69.20979241526148,69.00979241526149,69.10979241526148,4259984
2014/10/30,69.22660589780482,69.22660589780482,69.02660589780483,69.12660589780482,4289984
2014/10/31,69.44496839962396,69.44496839962396,69.24496839962397,69.34496839962397,4778984
2014/11/01,69.6534571017365,69.6534571017365,69.45345710173652,69.55345710173651,5248984
2014/11/02,69.6534571017365,69.6534571017365,69.45345710173652,69.55345710173651,5248984
2014/11/03,69.6534571017365,69.6534571017365,69.45345710173652,69.55345710173651,5248984
2014/11/04,69.78191948242478,69.78191948242478,69.5819194824248,69.68191948242479,5379984
2014/11/05,69.76131462175321,69.76131462175321,69.56131462175323,69.66131462175322,5286984
2014/11/06,69.82652942855098,69.82652942855098,69.626529428551,69.72652942855099,5548984
2014/11/07,70.20226863248301,70.20226863248301,70.00226863248302,70.10226863248302,6360753
2014/11/08,69.5728112850481,69.5728112850481,69.37281128504812,69.47281128504811,4992753
2014/11/09,69.5728112850481,69.5728112850481,69.37281128504812,69.47281128504811,4992753
2014/11/10,69.5728112850481,69.5728112850481,69.37281128504812,69.47281128504811,4992753
2014/11/11,69.71128795594642,69.71128795594642,69.51128795594643,69.61128795594642,5005753
2014/11/12,69.7586879082651,69.7586879082651,69.55868790826511,69.65868790826511,5067753
2014/11/13,69.94350085185994,69.94350085185994,69.74350085185995,69.84350085185994,5577753
2014/11/14,69.94199009724942,69.94199009724942,69.74199009724943,69.84199009724942,6204753
2014/11/15,69.86130052180832,69.86130052180832,69.66130052180833,69.76130052180832,5903753
2014/11/16,69.86130052180832,69.86130052180832,69.66130052180833,69.76130052180832,5903753
2014/11/17,69.86130052180832,69.86130052180832,69.66130052180833,69.76130052180832,5903753
2014/11/18,69.87664083244657,69.87664083244657,69.67664083244658,69.77664083244657,5965753
2014/11/19,69.65181569168985,69.65181569168985,69.45181569168986,69.55181569168985,5080753
2014/11/20,69.6385578434213,69.6385578434213,69.43855784342131,69.5385578434213,4962753
2014/11/21,69.63131355029925,69.63131355029925,69.43131355029927,69.53131355029926,4334753
2014/11/22,69.196861763896,69.196861763896,68.996861763896,69.096861763896,3372523
2014/11/23,69.196861763896,69.196861763896,68.996861763896,69.096861763896,3372523
2014/11/24,69.196861763896,69.196861763896,68.996861763896,69.096861763896,3372523
2014/11/25,69.18307509085301,69.18307509085301,68.98307509085302,69.08307509085301,3103523
2014/11/26,67.5103237699014,67.5103237699014,67.31032376990142,67.41032376990141,2125523
2014/11/27,67.3742495303339,67.3742495303339,67.17424953033391,67.2742495303339,2077523
2014/11/28,67.3364700535005,67.3364700535005,67.13647005350052,67.23647005350051,2047523
2014/11/29,65.49006008754178,65.49006008754178,65.29006008754179,65.39006008754178,1032523
2014/11/30,65.49006008754178,65.49006008754178,65.29006008754179,65.39006008754178,1032523
2014/12/01,65.49006008754178,65.49006008754178,65.29006008754179,65.39006008754178,1032523
2014/12/02,65.58685018045563,65.58685018045563,65.38685018045564,65.48685018045563,1150523
2014/12/03,65.8973179287664,65.8973179287664,65.69731792876641,65.7973179287664,1299523
2014/12/04,65.85732182105282,65.85732182105282,65.65732182105283,65.75732182105283,1257523
2014/12/05,65.73443015731291,65.73443015731291,65.53443015731293,65.63443015731292,1127523
2014/12/06,65.43144140335704,65.43144140335704,65.23144140335705,65.33144140335705,950523
2014/12/07,65.43144140335704,65.43144140335704,65.23144140335705,65.33144140335705,950523
2014/12/08,65.43144140335704,65.43144140335704,65.23144140335705,65.33144140335705,950523
2014/12/09,65.49767840627979,65.49767840627979,65.2976784062798,65.3976784062798,1038523
2014/12/10,65.49599905396015,65.49599905396015,65.29599905396016,65.39599905396015,1026523
2014/12/11,65.10243774447052,65.10243774447052,64.90243774447053,65.00243774447053,755523
2014/12/12,64.76029909246517,64.76029909246517,64.56029909246519,64.66029909246518,722523
2014/12/13,64.41737039324259,64.41737039324259,64.2173703932426,64.3173703932426,533523
2014/12/14,64.41737039324259,64.41737039324259,64.2173703932426,64.3173703932426,533523
2014/12/15,64.41737039324259,64.41737039324259,64.2173703932426,64.3173703932426,533523
2014/12/16,63.20061109508502,63.20061109508502,63.00061109508502,63.10061109508502,807523
2014/12/17,63.132322776467426,63.132322776467426,62.93232277646742,63.032322776467424,820523
2014/12/18,62.150229475039666,62.150229475039666,61.95022947503966,62.050229475039664,566523
2014/12/19,62.00301057583755,62.00301057583755,61.80301057583755,61.90301057583755,455479
2014/12/20,61.29265512507616,61.49265512507616,61.29265512507616,61.39265512507616,30521
2014/12/21,61.29265512507616,61.49265512507616,61.29265512507616,61.39265512507616,30521
2014/12/22,61.29265512507616,61.49265512507616,61.29265512507616,61.39265512507616,30521
2014/12/23,61.332730874932274,61.53273087493228,61.332730874932274,61.432730874932275,127521
2014/12/24,60.49679724848342,60.69679724848342,60.49679724848342,60.59679724848342,164521
2014/12/25,62.414849563852485,62.61484956385249,62.414849563852485,62.514849563852486,464521
2014/12/26,62.638988506788316,62.83898850678832,62.638988506788316,62.73898850678832,731521
2014/12/27,62.631040178506545,62.83104017850655,62.631040178506545,62.73104017850655,693521
2014/12/28,62.631040178506545,62.83104017850655,62.631040178506545,62.73104017850655,693521
2014/12/29,62.631040178506545,62.83104017850655,62.631040178506545,62.73104017850655,693521
2014/12/30,62.74962791269305,62.94962791269305,62.74962791269305,62.84962791269305,948521
2014/12/31,62.754720549690354,62.95472054969036,62.754720549690354,62.854720549690356,853521
2015/01/01,62.750816835573445,62.95081683557345,62.750816835573445,62.85081683557345,707521
2015/01/02,62.750816835573445,62.95081683557345,62.750816835573445,62.85081683557345,707521
2015/01/03,62.750816835573445,62.95081683557345,62.750816835573445,62.85081683557345,707521
2015/01/04,62.750816835573445,62.95081683557345,62.750816835573445,62.85081683557345,707521
2015/01/05,62.750816835573445,62.95081683557345,62.750816835573445,62.85081683557345,707521
2015/01/06,63.01919830518822,63.21919830518822,63.01919830518822,63.11919830518822,863521
2015/01/07,63.0210813228515,63.221081322851504,63.0210813228515,63.1210813228515,830521
2015/01/08,63.0041157747205,63.204115774720506,63.0041157747205,63.104115774720505,722521
2015/01/09,62.88682121044702,63.08682121044702,62.88682121044702,62.98682121044702,1045521
2015/01/10,62.859365467402704,63.059365467402706,62.859365467402704,62.959365467402705,921521
2015/01/11,62.859365467402704,63.059365467402706,62.859365467402704,62.959365467402705,921521
2015/01/12,62.859365467402704,63.059365467402706,62.859365467402704,62.959365467402705,921521
2015/01/13,62.895849869918415,63.09584986991842,62.895849869918415,62.995849869918416,996521
2015/01/14,62.890148117722056,63.09014811772206,62.890148117722056,62.99014811772206,1061521
2015/01/15,62.88891932041654,63.088919320416544,62.88891932041654,62.98891932041654,952521
2015/01/16,62.88891932041654,63.088919320416544,62.88891932041654,62.98891932041654,914521
2015/01/17,62.85332122351024,63.053321223510245,62.85332122351024,62.953321223510244,857380
2015/01/18,62.85332122351024,63.053321223510245,62.85332122351024,62.953321223510244,857380
2015/01/19,62.85332122351024,63.053321223510245,62.85332122351024,62.953321223510244,857380
2015/01/20,62.82317330201613,63.02317330201613,62.82317330201613,62.92317330201613,894380
2015/01/21,63.15405491887629,63.354054918876294,63.15405491887629,63.25405491887629,1482380
2015/01/22,63.13824357083465,63.338243570834656,63.13824357083465,63.238243570834655,1379380
2015/01/23,63.73316968501078,63.93316968501078,63.73316968501078,63.83316968501078,1762380
2015/01/24,63.786390614138185,63.98639061413819,63.786390614138185,63.886390614138186,1593380
2015/01/25,63.786390614138185,63.98639061413819,63.786390614138185,63.886390614138186,1593380
2015/01/26,63.786390614138185,63.98639061413819,63.786390614138185,63.886390614138186,1593380
2015/01/27,64.02403636757566,64.22403636757565,64.02403636757566,64.12403636757566,1870380
2015/01/28,64.0724013418867,64.27240134188669,64.0724013418867,64.1724013418867,1857380
2015/01/29,64.05053911552226,64.25053911552224,64.05053911552226,64.15053911552225,1799380
2015/01/30,63.98600480601862,64.18600480601862,63.98600480601862,64.08600480601862,1714380
2015/01/31,63.99851677569084,64.19851677569083,63.99851677569084,64.09851677569084,1659333
2015/02/01,63.99851677569084,64.19851677569083,63.99851677569084,64.09851677569084,1659333
2015/02/02,63.99851677569084,64.19851677569083,63.99851677569084,64.09851677569084,1659333
2015/02/03,63.97107121082619,64.17107121082618,63.97107121082619,64.07107121082619,1542333
2015/02/04,65.57488885785416,65.77488885785415,65.57488885785416,65.67488885785416,3414333
2015/02/05,65.69450713080512,65.89450713080511,65.69450713080512,65.79450713080512,3519333
2015/02/06,65.85604610453903,66.05604610453902,65.85604610453903,65.95604610453903,3319191
2015/02/07,65.86119097311375,66.06119097311374,65.86119097311375,65.96119097311374,2991191
2015/02/08,65.86119097311375,66.06119097311374,65.86119097311375,65.96119097311374,2991191
2015/02/09,65.86119097311375,66.06119097311374,65.86119097311375,65.96119097311374,2991191
2015/02/10,66.49164553674987,66.69164553674986,66.49164553674987,66.59164553674987,2305851
2015/02/11,66.5589571627619,66.75895716276189,66.5589571627619,66.6589571627619,2088851
2015/02/12,66.44192436510507,66.64192436510506,66.44192436510507,66.54192436510506,2381668
2015/02/13,66.2852011075177,66.48520110751768,66.2852011075177,66.38520110751769,2342668
2015/02/14,65.99361281503575,66.19361281503573,65.99361281503575,66.09361281503574,2533668
2015/02/15,65.99361281503575,66.19361281503573,65.99361281503575,66.09361281503574,2533668
2015/02/16,65.99361281503575,66.19361281503573,65.99361281503575,66.09361281503574,2533668
2015/02/17,65.99361281503575,66.19361281503573,65.99361281503575,66.09361281503574,2533668
2015/02/18,65.99361281503575,66.19361281503573,65.99361281503575,66.09361281503574,2533668
2015/02/19,65.99361281503575,66.19361281503573,65.99361281503575,66.09361281503574,2533668
2015/02/20,65.99361281503575,66.19361281503573,65.99361281503575,66.09361281503574,2533668
2015/02/21,65.99361281503575,66.19361281503573,65.99361281503575,66.09361281503574,2533668
2015/02/22,65.99361281503575,66.19361281503573,65.99361281503575,66.09361281503574,2533668
2015/02/23,65.99361281503575,66.19361281503573,65.99361281503575,66.09361281503574,2533668
2015/02/24,65.99361281503575,66.19361281503573,65.99361281503575,66.09361281503574,2533668
2015/02/25,65.98924711424354,66.18924711424353,65.98924711424354,66.08924711424353,2304668
2015/02/26,66.12778503827055,66.32778503827053,66.12778503827055,66.22778503827054,2384668
2015/02/27,66.11666872062158,66.31666872062156,66.11666872062158,66.21666872062157,2385668
2015/02/28,66.11666872062158,66.31666872062156,66.11666872062158,66.21666872062157,2385668
2015/03/01,66.11666872062158,66.31666872062156,66.11666872062158,66.21666872062157,2385668
2015/03/02,66.11666872062158,66.31666872062156,66.11666872062158,66.21666872062157,2385668
2015/03/03,66.01343244546979,66.21343244546978,66.01343244546979,66.11343244546978,1281668
2015/03/04,66.0407045949508,66.24070459495078,66.0407045949508,66.14070459495079,1228668
2015/03/05,65.98994549360707,66.18994549360706,65.98994549360707,66.08994549360706,1293668
2015/03/06,65.96345493020115,66.16345493020114,65.96345493020115,66.06345493020115,1085896
2015/03/07,66.01118290720878,66.21118290720877,66.01118290720878,66.11118290720877,1116896
2015/03/08,66.01118290720878,66.21118290720877,66.01118290720878,66.11118290720877,1116896
2015/03/09,66.01118290720878,66.21118290720877,66.01118290720878,66.11118290720877,1116896
2015/03/10,65.98313426778181,66.1831342677818,65.98313426778181,66.0831342677818,1021825
2015/03/11,65.98301167585261,66.1830116758526,65.98301167585261,66.0830116758526,992966
2015/03/12,65.93835410923239,66.13835410923238,65.93835410923239,66.03835410923239,1074966
2015/03/13,66.02697098429952,66.22697098429951,66.02697098429952,66.12697098429952,857956
2015/03/14,66.1961119045996,66.39611190459959,66.1961119045996,66.2961119045996,647956
2015/03/15,66.1961119045996,66.39611190459959,66.1961119045996,66.2961119045996,647956
2015/03/16,66.1961119045996,66.39611190459959,66.1961119045996,66.2961119045996,647956
2015/03/17,66.26296572031904,66.46296572031903,66.26296572031904,66.36296572031904,715956
2015/03/18,66.28983112478993,66.48983112478992,66.28983112478993,66.38983112478992,693956
2015/03/19,66.27911679875582,66.47911679875581,66.27911679875582,66.37911679875582,691956
2015/03/20,66.73342024857392,66.93342024857391,66.73342024857392,66.83342024857392,872956
2015/03/21,67.122132666648,67.32213266664799,67.122132666648,67.222132666648,1233956
2015/03/22,67.122132666648,67.32213266664799,67.122132666648,67.222132666648,1233956
2015/03/23,67.122132666648,67.32213266664799,67.122132666648,67.222132666648,1233956
2015/03/24,67.17288074593216,67.37288074593215,67.17288074593216,67.27288074593216,1177956
2015/03/25,67.52809091008633,67.72809091008632,67.52809091008633,67.62809091008633,887725
2015/03/26,67.45413755366965,67.65413755366964,67.45413755366965,67.55413755366965,594583
2015/03/27,67.9881053030087,68.18810530300868,67.9881053030087,68.08810530300869,487583
2015/03/28,68.12660307031408,68.32660307031406,68.12660307031408,68.22660307031407,502583
2015/03/29,68.12660307031408,68.32660307031406,68.12660307031408,68.22660307031407,502583
2015/03/30,68.12660307031408,68.32660307031406,68.12660307031408,68.22660307031407,502583
2015/03/31,68.17843506361953,68.37843506361952,68.17843506361953,68.27843506361953,476583
2015/04/01,68.04551055536629,68.24551055536628,68.04551055536629,68.14551055536629,534583
2015/04/02,68.01530250487717,68.21530250487716,68.01530250487717,68.11530250487716,521583
2015/04/03,68.04580427926321,68.2458042792632,68.04580427926321,68.1458042792632,499583
2015/04/04,68.04580427926321,68.2458042792632,68.04580427926321,68.1458042792632,499583
2015/04/05,68.04580427926321,68.2458042792632,68.04580427926321,68.1458042792632,499583
2015/04/06,68.04580427926321,68.2458042792632,68.04580427926321,68.1458042792632,499583
2015/04/07,68.04580427926321,68.2458042792632,68.04580427926321,68.1458042792632,499583
2015/04/08,69.29743968471767,69.49743968471766,69.29743968471767,69.39743968471767,932583
2015/04/09,69.41446822499687,69.61446822499686,69.41446822499687,69.51446822499686,820583
2015/04/10,58.23071534560395,58.23071534560395,58.030715345603944,58.130715345603946,53417
2015/04/11,71.1803537571878,71.38035375718779,71.1803537571878,71.2803537571878,468583
2015/04/12,71.1803537571878,71.38035375718779,71.1803537571878,71.2803537571878,468583
2015/04/13,71.1803537571878,71.38035375718779,71.1803537571878,71.2803537571878,468583
2015/04/14,70.91243415262154,71.11243415262153,70.91243415262154,71.01243415262154,851583
2015/04/15,70.48844391099311,70.6884439109931,70.48844391099311,70.5884439109931,1236583
2015/04/16,70.41322137437164,70.61322137437163,70.41322137437164,70.51322137437164,849583
2015/04/17,70.54002930895876,70.74002930895875,70.54002930895876,70.64002930895876,905583
2015/04/18,70.52156718654139,70.72156718654138,70.52156718654139,70.62156718654138,905583
2015/04/19,70.52156718654139,70.72156718654138,70.52156718654139,70.62156718654138,905583
2015/04/20,70.52156718654139,70.72156718654138,70.52156718654139,70.62156718654138,905583
2015/04/21,70.4871199276596,70.6871199276596,70.4871199276596,70.5871199276596,911583
2015/04/22,71.50133405561293,71.70133405561292,71.50133405561293,71.60133405561292,1249583
2015/04/23,71.5316258340947,71.73162583409469,71.5316258340947,71.63162583409469,929583
2015/04/24,71.61087408775865,71.81087408775863,71.61087408775865,71.71087408775864,429583
2015/04/25,74.35089363481433,74.55089363481432,74.35089363481433,74.45089363481432,706583
2015/04/26,74.35089363481433,74.55089363481432,74.35089363481433,74.45089363481432,706583
2015/04/27,74.35089363481433,74.55089363481432,74.35089363481433,74.45089363481432,706583
2015/04/28,75.74963377912574,75.94963377912573,75.74963377912574,75.84963377912574,1199583
2015/04/29,76.05284076661056,76.25284076661055,76.05284076661056,76.15284076661055,1374583
2015/04/30,76.65097300565888,76.85097300565887,76.65097300565888,76.75097300565888,1869583
2015/05/01,76.49799440334918,76.69799440334917,76.49799440334918,76.59799440334918,1966583
2015/05/02,76.49799440334918,76.69799440334917,76.49799440334918,76.59799440334918,1966583
2015/05/03,76.49799440334918,76.69799440334917,76.49799440334918,76.59799440334918,1966583
2015/05/04,76.49799440334918,76.69799440334917,76.49799440334918,76.59799440334918,1966583
2015/05/05,76.66853181579985,76.86853181579984,76.66853181579985,76.76853181579985,1888583
2015/05/06,75.9324045203692,76.13240452036919,75.9324045203692,76.0324045203692,2096583
2015/05/07,75.88698010138879,76.08698010138878,75.88698010138879,75.98698010138878,1970583
2015/05/08,75.75431512082224,75.95431512082223,75.75431512082224,75.85431512082224,2142583
2015/05/09,75.69224321146935,75.89224321146934,75.69224321146935,75.79224321146934,1793539
2015/05/10,75.69224321146935,75.89224321146934,75.69224321146935,75.79224321146934,1793539
2015/05/11,75.69224321146935,75.89224321146934,75.69224321146935,75.79224321146934,1793539
2015/05/12,75.96250857368808,76.16250857368807,75.96250857368808,76.06250857368808,1282539
2015/05/13,76.09657224432324,76.29657224432323,76.09657224432324,76.19657224432324,1195539
2015/05/14,76.07669339481447,76.27669339481446,76.07669339481447,76.17669339481446,1140539
2015/05/15,76.77094707636984,76.97094707636982,76.77094707636984,76.87094707636983,756539
2015/05/16,76.28244725477785,76.48244725477784,76.28244725477785,76.38244725477784,772539
2015/05/17,76.28244725477785,76.48244725477784,76.28244725477785,76.38244725477784,772539
2015/05/18,76.28244725477785,76.48244725477784,76.28244725477785,76.38244725477784,772539
2015/05/19,76.25704343050523,76.45704343050522,76.25704343050523,76.35704343050523,578539
2015/05/20,76.32888098476731,76.5288809847673,76.32888098476731,76.4288809847673,544539
2015/05/21,59.62232307002947,59.62232307002947,59.42232307002947,59.52232307002947,127461
2015/05/22,70.46426899729049,70.46426899729049,70.2642689972905,70.3642689972905,74461
2015/05/23,70.24298192846511,70.24298192846511,70.04298192846512,70.14298192846512,551461
2015/05/24,70.24298192846511,70.24298192846511,70.04298192846512,70.14298192846512,551461
2015/05/25,70.24298192846511,70.24298192846511,70.04298192846512,70.14298192846512,551461
2015/05/26,70.44604420734873,70.44604420734873,70.24604420734875,70.34604420734874,620461
2015/05/27,73.03344258598878,73.03344258598878,72.83344258598879,72.93344258598879,497461
2015/05/28,71.58174732114908,71.58174732114908,71.38174732114909,71.48174732114909,832461
2015/05/29,72.91555165306129,72.91555165306129,72.7155516530613,72.81555165306129,437461
2015/05/30,73.10980938849191,73.10980938849191,72.90980938849192,73.00980938849192,515461
2015/05/31,73.10980938849191,73.10980938849191,72.90980938849192,73.00980938849192,515461
2015/06/01,73.10980938849191,73.10980938849191,72.90980938849192,73.00980938849192,515461
2015/06/02,72.95252346605548,72.95252346605548,72.7525234660555,72.85252346605549,516461
2015/06/03,73.1219497151318,73.1219497151318,72.92194971513182,73.02194971513181,389461
2015/06/04,72.90482382984798,72.90482382984798,72.704823829848,72.80482382984799,307461
2015/06/05,72.39403107639913,72.39403107639913,72.19403107639914,72.29403107639914,369320
2015/06/06,72.11059956517387,72.11059956517387,71.91059956517388,72.01059956517388,546320
2015/06/07,72.11059956517387,72.11059956517387,71.91059956517388,72.01059956517388,546320
2015/06/08,72.11059956517387,72.11059956517387,71.91059956517388,72.01059956517388,546320
2015/06/09,72.75616245612001,72.75616245612001,72.55616245612002,72.65616245612001,935320
2015/06/10,72.71229051329667,72.71229051329667,72.51229051329668,72.61229051329667,927320
2015/06/11,72.26490522309187,72.26490522309187,72.06490522309188,72.16490522309188,1434320
2015/06/12,71.98786456542155,71.98786456542155,71.78786456542156,71.88786456542155,1349320
2015/06/13,72.70282900220573,72.70282900220573,72.50282900220574,72.60282900220574,1649320
2015/06/14,72.70282900220573,72.70282900220573,72.50282900220574,72.60282900220574,1649320
2015/06/15,72.70282900220573,72.70282900220573,72.50282900220574,72.60282900220574,1649320
2015/06/16,72.75554444133572,72.75554444133572,72.55554444133573,72.65554444133572,1688320
2015/06/17,72.5419531102511,72.5419531102511,72.34195311025111,72.4419531102511,1615320
2015/06/18,72.1063892554257,72.1063892554257,71.90638925542571,72.0063892554257,1438320
2015/06/19,72.04099531275006,72.04099531275006,71.84099531275007,71.94099531275006,1418320
2015/06/20,72.04099531275006,72.04099531275006,71.84099531275007,71.94099531275006,1418320
2015/06/21,72.04099531275006,72.04099531275006,71.84099531275007,71.94099531275006,1418320
2015/06/22,72.04099531275006,72.04099531275006,71.84099531275007,71.94099531275006,1418320
2015/06/23,71.58319075253837,71.58319075253837,71.38319075253838,71.48319075253838,1038320
2015/06/24,73.55945908517727,73.55945908517727,73.35945908517728,73.45945908517727,2906320
2015/06/25,73.75198611860009,73.75198611860009,73.5519861186001,73.65198611860009,3009320
2015/06/26,73.74010155054117,73.74010155054117,73.54010155054118,73.64010155054117,3064178
2015/06/27,73.49958581872335,73.49958581872335,73.29958581872336,73.39958581872335,2707178
2015/06/28,73.49958581872335,73.49958581872335,73.29958581872336,73.39958581872335,2707178
2015/06/29,73.49958581872335,73.49958581872335,73.29958581872336,73.39958581872335,2707178
2015/06/30,73.54612731929822,73.54612731929822,73.34612731929823,73.44612731929823,2703178
2015/07/01,73.26999986340353,73.26999986340353,73.06999986340354,73.16999986340353,2549178
2015/07/02,73.4539865029062,73.4539865029062,73.25398650290622,73.35398650290621,2735995
2015/07/03,73.13218110033947,73.13218110033947,72.93218110033948,73.03218110033947,2546995
2015/07/04,73.19899260417164,73.19899260417164,72.99899260417165,73.09899260417164,2330995
2015/07/05,73.19899260417164,73.19899260417164,72.99899260417165,73.09899260417164,2330995
2015/07/06,73.19899260417164,73.19899260417164,72.99899260417165,73.09899260417164,2330995
2015/07/07,72.50816182034262,72.50816182034262,72.30816182034263,72.40816182034263,2229995
2015/07/08,72.86660643835766,72.86660643835766,72.66660643835768,72.76660643835767,1829995
2015/07/09,72.61474807658887,72.61474807658887,72.41474807658888,72.51474807658887,900995
2015/07/10,66.30432012332668,66.30432012332668,66.10432012332669,66.20432012332668,317995
2015/07/11,66.30432012332668,66.30432012332668,66.10432012332669,66.20432012332668,317995
2015/07/12,66.30432012332668,66.30432012332668,66.10432012332669,66.20432012332668,317995
2015/07/13,66.30432012332668,66.30432012332668,66.10432012332669,66.20432012332668,317995
2015/07/14,65.91753218381987,65.91753218381987,65.71753218381988,65.81753218381988,356995
2015/07/15,66.91649685425575,66.91649685425575,66.71649685425577,66.81649685425576,638995
2015/07/16,65.54456768895771,65.54456768895771,65.34456768895772,65.44456768895772,487223
2015/07/17,65.8951455049148,65.8951455049148,65.6951455049148,65.7951455049148,535223
2015/07/18,68.02325267209518,68.02325267209518,67.8232526720952,67.92325267209519,349152
2015/07/19,68.02325267209518,68.02325267209518,67.8232526720952,67.92325267209519,349152
2015/07/20,68.02325267209518,68.02325267209518,67.8232526720952,67.92325267209519,349152
2015/07/21,68.28308241831031,68.28308241831031,68.08308241831033,68.18308241831032,391152
2015/07/22,67.90111703226064,67.90111703226064,67.70111703226065,67.80111703226065,633152
2015/07/23,67.91062861121614,67.91062861121614,67.71062861121615,67.81062861121615,346142
2015/07/24,67.86771469698184,67.86771469698184,67.66771469698185,67.76771469698184,205142
2015/07/25,68.01456361316573,68.01456361316573,67.81456361316575,67.91456361316574,246142
2015/07/26,68.01456361316573,68.01456361316573,67.81456361316575,67.91456361316574,246142
2015/07/27,68.01456361316573,68.01456361316573,67.81456361316575,67.91456361316574,246142
2015/07/28,68.01946149936937,68.01946149936937,67.81946149936938,67.91946149936938,110142
2015/07/29,64.80778437501458,65.00778437501457,64.80778437501458,64.90778437501457,290858
2015/07/30,64.10067202014613,64.30067202014612,64.10067202014613,64.20067202014613,87858
2015/07/31,67.63728931496112,67.63728931496112,67.43728931496113,67.53728931496113,281142
2015/08/01,66.45011119293041,66.45011119293041,66.25011119293042,66.35011119293041,472142
2015/08/02,66.45011119293041,66.45011119293041,66.25011119293042,66.35011119293041,472142
2015/08/03,66.45011119293041,66.45011119293041,66.25011119293042,66.35011119293041,472142
2015/08/04,65.75090481229098,65.75090481229098,65.550904812291,65.65090481229099,609142
2015/08/05,65.0416602903345,65.2416602903345,65.0416602903345,65.1416602903345,665000
2015/08/06,65.16017532694498,65.36017532694497,65.16017532694498,65.26017532694497,820000
2015/08/07,65.02831955931453,65.22831955931451,65.02831955931453,65.12831955931452,848000
2015/08/08,65.01183147919141,65.2118314791914,65.01183147919141,65.11183147919141,829000
2015/08/09,65.01183147919141,65.2118314791914,65.01183147919141,65.11183147919141,829000
2015/08/10,65.01183147919141,65.2118314791914,65.01183147919141,65.11183147919141,829000
2015/08/11,65.0943342878123,65.29433428781229,65.0943342878123,65.1943342878123,838000
2015/08/12,65.15833046481714,65.35833046481713,65.15833046481714,65.25833046481713,478000
2015/08/13,64.30207553352587,64.50207553352585,64.30207553352587,64.40207553352586,640000
2015/08/14,59.547768498850964,59.547768498850964,59.34776849885096,59.44776849885096,147000
2015/08/15,58.60864617422404,58.60864617422404,58.40864617422404,58.50864617422404,148000
2015/08/16,58.60864617422404,58.60864617422404,58.40864617422404,58.50864617422404,148000
2015/08/17,58.60864617422404,58.60864617422404,58.40864617422404,58.50864617422404,148000
2015/08/18,62.16553663358074,62.365536633580746,62.16553663358074,62.265536633580744,145000
2015/08/19,61.50097161397975,61.50097161397975,61.30097161397975,61.40097161397975,732000
2015/08/20,64.03171937254311,64.03171937254311,63.83171937254311,63.931719372543114,1404000
2015/08/21,63.92625423144867,63.92625423144867,63.726254231448664,63.826254231448665,1449000
2015/08/22,59.69165418786359,59.69165418786359,59.49165418786359,59.59165418786359,1859000
2015/08/23,59.69165418786359,59.69165418786359,59.49165418786359,59.59165418786359,1859000
2015/08/24,59.69165418786359,59.69165418786359,59.49165418786359,59.59165418786359,1859000
2015/08/25,59.902211101441935,59.902211101441935,59.70221110144193,59.802211101441934,1435000
2015/08/26,59.14741681910191,59.14741681910191,58.94741681910191,59.04741681910191,1419000
2015/08/27,59.03452850026572,59.03452850026572,58.83452850026572,58.93452850026572,1392000
2015/08/28,60.181108074855295,60.181108074855295,59.98110807485529,60.081108074855294,1903000
2015/08/29,58.7774699517406,58.7774699517406,58.577469951740596,58.6774699517406,1835000
2015/08/30,58.7774699517406,58.7774699517406,58.577469951740596,58.6774699517406,1835000
2015/08/31,58.7774699517406,58.7774699517406,58.577469951740596,58.6774699517406,1835000
2015/09/01,57.64695076492734,57.64695076492734,57.44695076492734,57.54695076492734,1750000
2015/09/02,58.19735503710409,58.19735503710409,57.997355037104086,58.09735503710409,2431761
2015/09/03,59.266615167640765,59.266615167640765,59.06661516764076,59.166615167640764,2903761
2015/09/04,59.69091216547825,59.69091216547825,59.49091216547825,59.59091216547825,3157761
2015/09/05,60.73620157334437,60.73620157334437,60.536201573344364,60.636201573344366,4017761
2015/09/06,60.73620157334437,60.73620157334437,60.536201573344364,60.636201573344366,4017761
2015/09/07,60.73620157334437,60.73620157334437,60.536201573344364,60.636201573344366,4017761
2015/09/08,60.797161239822806,60.797161239822806,60.5971612398228,60.697161239822805,4095761
2015/09/09,60.71348468892827,60.71348468892827,60.513484688928266,60.61348468892827,4127761
2015/09/10,60.56561717671541,60.56561717671541,60.36561717671541,60.46561717671541,3994761
2015/09/11,60.24585838179754,60.24585838179754,60.04585838179754,60.14585838179754,3781761
2015/09/12,60.50869886867032,60.50869886867032,60.30869886867032,60.40869886867032,3948761
2015/09/13,60.50869886867032,60.50869886867032,60.30869886867032,60.40869886867032,3948761
2015/09/14,60.50869886867032,60.50869886867032,60.30869886867032,60.40869886867032,3948761
2015/09/15,59.657258240887366,59.657258240887366,59.45725824088736,59.557258240887364,3611761
2015/09/16,58.7629783371601,58.7629783371601,58.5629783371601,58.6629783371601,3180761
2015/09/17,58.69376729448762,58.69376729448762,58.49376729448762,58.59376729448762,3071599
2015/09/18,58.55441875504443,58.55441875504443,58.35441875504443,58.45441875504443,2748599
2015/09/19,58.5210074283412,58.5210074283412,58.3210074283412,58.4210074283412,2859599
2015/09/20,58.5210074283412,58.5210074283412,58.3210074283412,58.4210074283412,2859599
2015/09/21,58.5210074283412,58.5210074283412,58.3210074283412,58.4210074283412,2859599
2015/09/22,58.30027514566457,58.30027514566457,58.10027514566457,58.20027514566457,2844599
2015/09/23,58.091871263733346,58.091871263733346,57.89187126373334,57.991871263733344,2666599
2015/09/24,58.09669418438195,58.09669418438195,57.89669418438195,57.99669418438195,2651599
2015/09/25,57.78275094112119,57.78275094112119,57.58275094112119,57.68275094112119,1954599
2015/09/26,57.77617740234208,57.77617740234208,57.576177402342076,57.67617740234208,1764599
2015/09/27,57.77617740234208,57.77617740234208,57.576177402342076,57.67617740234208,1764599
2015/09/28,57.77617740234208,57.77617740234208,57.576177402342076,57.67617740234208,1764599
2015/09/29,57.77617740234208,57.77617740234208,57.576177402342076,57.67617740234208,1764599
2015/09/30,57.77617740234208,57.77617740234208,57.576177402342076,57.67617740234208,1764599
2015/10/01,57.92076665718465,57.92076665718465,57.72076665718465,57.82076665718465,1302599
2015/10/02,57.477841191071455,57.477841191071455,57.27784119107145,57.377841191071454,1140599
2015/10/03,58.29831439244103,58.29831439244103,58.098314392441026,58.19831439244103,1095599
2015/10/04,58.29831439244103,58.29831439244103,58.098314392441026,58.19831439244103,1095599
2015/10/05,58.29831439244103,58.29831439244103,58.098314392441026,58.19831439244103,1095599
2015/10/06,58.24673762771202,58.24673762771202,58.04673762771202,58.14673762771202,1043599
2015/10/07,57.53964699874095,57.53964699874095,57.339646998740946,57.43964699874095,1118599
2015/10/08,58.31721836988026,58.31721836988026,58.117218369880256,58.21721836988026,927599
2015/10/09,58.21101766937753,58.21101766937753,58.01101766937753,58.11101766937753,868599
2015/10/10,58.21101766937753,58.21101766937753,58.01101766937753,58.11101766937753,868599
2015/10/11,58.21101766937753,58.21101766937753,58.01101766937753,58.11101766937753,868599
2015/10/12,58.21101766937753,58.21101766937753,58.01101766937753,58.11101766937753,868599
2015/10/13,58.267228860164956,58.267228860164956,58.06722886016495,58.167228860164954,787599
2015/10/14,58.37401241161626,58.37401241161626,58.17401241161626,58.27401241161626,965599
2015/10/15,58.90973897817564,58.90973897817564,58.709738978175636,58.80973897817564,836599
2015/10/16,59.950492734321564,59.950492734321564,59.75049273432156,59.85049273432156,578599
2015/10/17,61.66410948805441,61.66410948805441,61.464109488054405,61.564109488054406,735599
2015/10/18,61.66410948805441,61.66410948805441,61.464109488054405,61.564109488054406,735599
2015/10/19,61.66410948805441,61.66410948805441,61.464109488054405,61.564109488054406,735599
2015/10/20,61.683849791686875,61.683849791686875,61.48384979168687,61.58384979168687,583599
2015/10/21,62.250020159734454,62.250020159734454,62.05002015973445,62.15002015973445,548599
2015/10/22,63.425936283575375,63.425936283575375,63.22593628357537,63.32593628357537,692599
2015/10/23,63.53803231132312,63.53803231132312,63.33803231132312,63.43803231132312,666599
2015/10/24,63.62099270023305,63.62099270023305,63.42099270023305,63.52099270023305,626599
2015/10/25,63.62099270023305,63.62099270023305,63.42099270023305,63.52099270023305,626599
2015/10/26,63.62099270023305,63.62099270023305,63.42099270023305,63.52099270023305,626599
2015/10/27,63.65489812564037,63.65489812564037,63.45489812564037,63.55489812564037,519599
2015/10/28,64.05282113870919,64.05282113870919,63.852821138709196,63.9528211387092,617599
2015/10/29,64.20963030303727,64.20963030303727,64.00963030303728,64.10963030303728,649599
2015/10/30,63.333132425251684,63.333132425251684,63.13313242525168,63.23313242525168,863599
2015/10/31,63.02309403078213,63.02309403078213,62.82309403078213,62.92309403078213,864599
2015/11/01,63.02309403078213,63.02309403078213,62.82309403078213,62.92309403078213,864599
2015/11/02,63.02309403078213,63.02309403078213,62.82309403078213,62.92309403078213,864599
2015/11/03,62.92510015807727,62.92510015807727,62.72510015807727,62.82510015807727,848599
2015/11/04,63.16323816604884,63.16323816604884,62.96323816604884,63.06323816604884,709599
2015/11/05,63.00983068061325,63.00983068061325,62.809830680613246,62.90983068061325,478599
2015/11/06,63.354078703361814,63.354078703361814,63.15407870336181,63.25407870336181,576599
2015/11/07,63.701700659773756,63.701700659773756,63.50170065977375,63.601700659773755,857599
2015/11/08,63.701700659773756,63.701700659773756,63.50170065977375,63.601700659773755,857599
2015/11/09,63.701700659773756,63.701700659773756,63.50170065977375,63.601700659773755,857599
2015/11/10,63.942594244983674,63.942594244983674,63.74259424498367,63.84259424498367,802599
2015/11/11,64.02931886580645,64.02931886580645,63.82931886580645,63.92931886580645,762599
2015/11/12,63.69267448878174,63.69267448878174,63.49267448878174,63.59267448878174,873599
2015/11/13,64.06784361880649,64.06784361880649,63.867843618806496,63.9678436188065,744599
2015/11/14,62.46989024781982,62.46989024781982,62.269890247819816,62.36989024781982,1288599
2015/11/15,62.46989024781982,62.46989024781982,62.269890247819816,62.36989024781982,1288599
2015/11/16,62.46989024781982,62.46989024781982,62.269890247819816,62.36989024781982,1288599
2015/11/17,61.04466396005881,61.04466396005881,60.84466396005881,60.94466396005881,2233599
2015/11/18,61.897213710100495,61.897213710100495,61.69721371010049,61.79721371010049,1553599
2015/11/19,61.98696519794435,61.98696519794435,61.78696519794435,61.88696519794435,1574599
2015/11/20,62.37652269494982,62.37652269494982,62.17652269494982,62.27652269494982,1310599
2015/11/21,62.705650352697376,62.705650352697376,62.50565035269737,62.605650352697374,1149599
2015/11/22,62.705650352697376,62.705650352697376,62.50565035269737,62.605650352697374,1149599
2015/11/23,62.705650352697376,62.705650352697376,62.50565035269737,62.605650352697374,1149599
2015/11/24,62.728550823270794,62.728550823270794,62.52855082327079,62.62855082327079,1076599
2015/11/25,62.62411126633072,62.62411126633072,62.42411126633072,62.52411126633072,1171599
2015/11/26,62.650561623009835,62.650561623009835,62.45056162300983,62.550561623009834,1117599
2015/11/27,63.18066277607044,63.18066277607044,62.98066277607044,63.08066277607044,726599
2015/11/28,62.657738946818064,62.657738946818064,62.45773894681806,62.55773894681806,920599
2015/11/29,62.657738946818064,62.657738946818064,62.45773894681806,62.55773894681806,920599
2015/11/30,62.657738946818064,62.657738946818064,62.45773894681806,62.55773894681806,920599
2015/12/01,62.387780685893674,62.387780685893674,62.18778068589367,62.28778068589367,1086599
2015/12/02,62.37814679134542,62.37814679134542,62.17814679134542,62.27814679134542,978599
2015/12/03,61.98984828327029,61.98984828327029,61.78984828327029,61.88984828327029,1253599
2015/12/04,61.42947868276157,61.42947868276157,61.22947868276157,61.32947868276157,1648599
2015/12/05,61.41827687306103,61.41827687306103,61.21827687306103,61.31827687306103,1681599
2015/12/06,61.41827687306103,61.41827687306103,61.21827687306103,61.31827687306103,1681599
2015/12/07,61.41827687306103,61.41827687306103,61.21827687306103,61.31827687306103,1681599
2015/12/08,61.403398076864804,61.403398076864804,61.2033980768648,61.3033980768648,1577599
2015/12/09,61.42993211988425,61.42993211988425,61.229932119884246,61.32993211988425,1582599
2015/12/10,61.534820088005745,61.534820088005745,61.33482008800574,61.43482008800574,1457599
2015/12/11,60.63988846344244,60.63988846344244,60.439888463442436,60.53988846344244,2494599
2015/12/12,60.60556611857031,60.60556611857031,60.405566118570306,60.50556611857031,2796599
2015/12/13,60.60556611857031,60.60556611857031,60.405566118570306,60.50556611857031,2796599
2015/12/14,60.60556611857031,60.60556611857031,60.405566118570306,60.50556611857031,2796599
2015/12/15,60.57654324543637,60.57654324543637,60.376543245436366,60.47654324543637,2905599
2015/12/16,60.575963345735566,60.575963345735566,60.37596334573556,60.475963345735565,2830599
2015/12/17,60.5754670235036,60.5754670235036,60.375467023503596,60.4754670235036,2759599
2015/12/18,60.65114101219137,60.65114101219137,60.451141012191364,60.551141012191366,2364599
2015/12/19,60.599763183282064,60.599763183282064,60.39976318328206,60.49976318328206,2513599
2015/12/20,60.599763183282064,60.599763183282064,60.39976318328206,60.49976318328206,2513599
2015/12/21,60.599763183282064,60.599763183282064,60.39976318328206,60.49976318328206,2513599
2015/12/22,60.60719711586838,60.60719711586838,60.40719711586838,60.50719711586838,2390599
2015/12/23,60.57229786977658,60.57229786977658,60.372297869776574,60.472297869776575,2415599
2015/12/24,60.54870502311267,60.54870502311267,60.348705023112664,60.448705023112666,2462599
2015/12/25,60.699299396296745,60.699299396296745,60.49929939629674,60.59929939629674,2043599
2015/12/26,60.72404048698736,60.72404048698736,60.52404048698736,60.62404048698736,1970599
2015/12/27,60.72404048698736,60.72404048698736,60.52404048698736,60.62404048698736,1970599
2015/12/28,60.72404048698736,60.72404048698736,60.52404048698736,60.62404048698736,1970599
2015/12/29,60.74727893803879,60.74727893803879,60.54727893803879,60.64727893803879,1902599
2015/12/30,61.06893283433847,61.06893283433847,60.868932834338466,60.96893283433847,1074599
2015/12/31,60.769909878006466,60.769909878006466,60.56990987800646,60.669909878006465,1714599
2016/01/01,60.77264445140657,60.77264445140657,60.57264445140657,60.67264445140657,1678599
2016/01/02,60.77264445140657,60.77264445140657,60.57264445140657,60.67264445140657,1678599
2016/01/03,60.77264445140657,60.77264445140657,60.57264445140657,60.67264445140657,1678599
2016/01/04,60.77264445140657,60.77264445140657,60.57264445140657,60.67264445140657,1678599
2016/01/05,60.708289318303024,60.708289318303024,60.50828931830302,60.60828931830302,1724599
2016/01/06,60.66529688329869,60.66529688329869,60.465296883298684,60.565296883298686,1593599
2016/01/07,60.42134651514704,60.42134651514704,60.22134651514704,60.32134651514704,1426599
2016/01/08,59.861411213585356,59.861411213585356,59.66141121358535,59.761411213585355,844599
2016/01/09,58.79915292683306,58.79915292683306,58.59915292683306,58.69915292683306,469838
2016/01/10,58.79915292683306,58.79915292683306,58.59915292683306,58.69915292683306,469838
2016/01/11,58.79915292683306,58.79915292683306,58.59915292683306,58.69915292683306,469838
2016/01/12,58.687828203957814,58.687828203957814,58.48782820395781,58.58782820395781,448838
2016/01/13,58.45543995745265,58.45543995745265,58.255439957452644,58.355439957452646,403838
2016/01/14,57.7615644920092,57.7615644920092,57.5615644920092,57.6615644920092,94838
2016/01/15,56.96369573395531,56.96369573395531,56.76369573395531,56.86369573395531,82838
2016/01/16,56.90845838544789,56.90845838544789,56.708458385447884,56.808458385447885,151838
2016/01/17,56.90845838544789,56.90845838544789,56.708458385447884,56.808458385447885,151838
2016/01/18,56.90845838544789,56.90845838544789,56.708458385447884,56.808458385447885,151838
2016/01/19,56.84541599968471,56.84541599968471,56.64541599968471,56.74541599968471,202838
2016/01/20,57.30328771114179,57.30328771114179,57.10328771114179,57.20328771114179,206838
2016/01/21,56.660125761860684,56.660125761860684,56.46012576186068,56.56012576186068,267838
2016/01/22,56.40194964001303,56.40194964001303,56.20194964001303,56.30194964001303,123838
2016/01/23,56.53419962308804,56.53419962308804,56.33419962308804,56.43419962308804,176838
2016/01/24,56.53419962308804,56.53419962308804,56.33419962308804,56.43419962308804,176838
2016/01/25,56.53419962308804,56.53419962308804,56.33419962308804,56.43419962308804,176838
2016/01/26,56.902496825008285,56.902496825008285,56.70249682500828,56.802496825008284,240000
2016/01/27,57.52480766263989,57.52480766263989,57.324807662639884,57.424807662639886,528000
2016/01/28,56.87017412148261,56.87017412148261,56.67017412148261,56.77017412148261,291000
2016/01/29,56.12422094751678,56.12422094751678,55.92422094751678,56.02422094751678,135000
2016/01/30,56.716803760415736,56.716803760415736,56.51680376041573,56.616803760415735,236000
2016/01/31,56.716803760415736,56.716803760415736,56.51680376041573,56.616803760415735,236000
2016/02/01,56.716803760415736,56.716803760415736,56.51680376041573,56.616803760415735,236000
2016/02/02,56.550819385060585,56.550819385060585,56.35081938506058,56.45081938506058,254000
2016/02/03,56.5451774780601,56.5451774780601,56.345177478060094,56.445177478060096,239000
2016/02/04,56.81786630665582,56.81786630665582,56.61786630665582,56.71786630665582,336000
2016/02/05,56.81786630665582,56.81786630665582,56.61786630665582,56.71786630665582,336000
2016/02/06,56.81786630665582,56.81786630665582,56.61786630665582,56.71786630665582,336000
2016/02/07,56.81786630665582,56.81786630665582,56.61786630665582,56.71786630665582,336000
2016/02/08,56.81786630665582,56.81786630665582,56.61786630665582,56.71786630665582,336000
2016/02/09,56.81786630665582,56.81786630665582,56.61786630665582,56.71786630665582,336000
2016/02/10,56.81786630665582,56.81786630665582,56.61786630665582,56.71786630665582,336000
2016/02/11,56.81786630665582,56.81786630665582,56.61786630665582,56.71786630665582,336000
2016/02/12,56.81786630665582,56.81786630665582,56.61786630665582,56.71786630665582,336000
2016/02/13,56.81786630665582,56.81786630665582,56.61786630665582,56.71786630665582,336000
2016/02/14,56.81786630665582,56.81786630665582,56.61786630665582,56.71786630665582,336000
2016/02/15,56.81786630665582,56.81786630665582,56.61786630665582,56.71786630665582,336000
2016/02/16,57.0997144912162,57.0997144912162,56.899714491216194,56.999714491216196,481000
2016/02/17,57.225224795395526,57.225224795395526,57.02522479539552,57.125224795395525,302000
2016/02/18,57.255278859864674,57.255278859864674,57.05527885986467,57.15527885986467,164000
2016/02/19,57.35378317266121,57.35378317266121,57.15378317266121,57.25378317266121,136000
2016/02/20,57.29018294291335,57.29018294291335,57.090182942913344,57.190182942913346,77000
2016/02/21,57.29018294291335,57.29018294291335,57.090182942913344,57.190182942913346,77000
2016/02/22,57.29018294291335,57.29018294291335,57.090182942913344,57.190182942913346,77000
2016/02/23,57.63248837092707,57.63248837092707,57.43248837092707,57.53248837092707,219000
2016/02/24,58.3622031630828,58.3622031630828,58.1622031630828,58.2622031630828,301000
2016/02/25,58.535836859094324,58.535836859094324,58.33583685909432,58.43583685909432,408000
2016/02/26,58.57540435945376,58.57540435945376,58.37540435945376,58.47540435945376,252000
2016/02/27,58.9143708948022,58.9143708948022,58.714370894802194,58.814370894802195,249000
2016/02/28,58.9143708948022,58.9143708948022,58.714370894802194,58.814370894802195,249000
2016/02/29,58.9143708948022,58.9143708948022,58.714370894802194,58.814370894802195,249000
2016/03/01,58.9143708948022,58.9143708948022,58.714370894802194,58.814370894802195,249000
2016/03/02,58.76828468605806,58.76828468605806,58.56828468605806,58.66828468605806,247000
2016/03/03,62.36215943697371,62.36215943697371,62.16215943697371,62.26215943697371,33000
2016/03/04,60.144887778913855,60.144887778913855,59.94488777891385,60.04488777891385,87000
2016/03/05,63.96079588260647,63.96079588260647,63.760795882606466,63.86079588260647,163000
2016/03/06,63.96079588260647,63.96079588260647,63.760795882606466,63.86079588260647,163000
2016/03/07,63.96079588260647,63.96079588260647,63.760795882606466,63.86079588260647,163000
2016/03/08,66.69279795803894,66.69279795803894,66.49279795803895,66.59279795803894,88000
2016/03/09,66.76952007565174,66.76952007565174,66.56952007565175,66.66952007565175,164000
2016/03/10,66.52288820895728,66.52288820895728,66.3228882089573,66.42288820895729,196000
2016/03/11,66.13797594292909,66.13797594292909,65.9379759429291,66.0379759429291,330000
2016/03/12,66.63585009941191,66.63585009941191,66.43585009941192,66.53585009941192,251353
2016/03/13,66.63585009941191,66.63585009941191,66.43585009941192,66.53585009941192,251353
2016/03/14,66.63585009941191,66.63585009941191,66.43585009941192,66.53585009941192,251353
2016/03/15,66.61957634341843,66.61957634341843,66.41957634341844,66.51957634341844,214353
2016/03/16,69.49914820495525,69.49914820495525,69.29914820495526,69.39914820495525,165353
2016/03/17,66.37180917302368,66.37180917302368,66.17180917302369,66.27180917302368,203353
2016/03/18,65.52293319020305,65.52293319020305,65.32293319020306,65.42293319020305,202353
2016/03/19,65.35559163352475,65.35559163352475,65.15559163352476,65.25559163352476,239353
2016/03/20,65.35559163352475,65.35559163352475,65.15559163352476,65.25559163352476,239353
2016/03/21,65.35559163352475,65.35559163352475,65.15559163352476,65.25559163352476,239353
2016/03/22,63.25791154024587,63.25791154024587,63.05791154024587,63.15791154024587,572353
2016/03/23,64.34807168449579,64.34807168449579,64.1480716844958,64.2480716844958,594353
2016/03/24,66.44331181066165,66.44331181066165,66.24331181066167,66.34331181066166,367353
2016/03/25,66.60743386374511,66.60743386374511,66.40743386374513,66.50743386374512,298353
2016/03/26,66.5986530881732,66.5986530881732,66.3986530881732,66.4986530881732,377353
2016/03/27,66.5986530881732,66.5986530881732,66.3986530881732,66.4986530881732,377353
2016/03/28,66.5986530881732,66.5986530881732,66.3986530881732,66.4986530881732,377353
2016/03/29,67.04361857951885,67.04361857951885,66.84361857951886,66.94361857951885,196353
2016/03/30,66.91219193705152,66.91219193705152,66.71219193705153,66.81219193705152,269353
2016/03/31,66.93470990703165,66.93470990703165,66.73470990703166,66.83470990703165,173353
2016/04/01,67.08146147941727,67.08146147941727,66.88146147941728,66.98146147941728,177258
2016/04/02,67.0487880861597,67.0487880861597,66.84878808615971,66.94878808615971,144258
2016/04/03,67.0487880861597,67.0487880861597,66.84878808615971,66.94878808615971,144258
2016/04/04,67.0487880861597,67.0487880861597,66.84878808615971,66.94878808615971,144258
2016/04/05,67.0487880861597,67.0487880861597,66.84878808615971,66.94878808615971,144258
2016/04/06,67.0487880861597,67.0487880861597,66.84878808615971,66.94878808615971,144258
2016/04/07,66.70274893083091,66.70274893083091,66.50274893083092,66.60274893083091,99258
2016/04/08,66.01583516340243,66.01583516340243,65.81583516340244,65.91583516340243,149258
2016/04/09,66.35901338172283,66.35901338172283,66.15901338172284,66.25901338172284,224258
2016/04/10,66.35901338172283,66.35901338172283,66.15901338172284,66.25901338172284,224258
2016/04/11,66.35901338172283,66.35901338172283,66.15901338172284,66.25901338172284,224258
2016/04/12,66.47543430738644,66.47543430738644,66.27543430738645,66.37543430738644,273258
2016/04/13,66.39260350610111,66.39260350610111,66.19260350610112,66.29260350610112,246258
2016/04/14,66.31829520575971,66.31829520575971,66.11829520575972,66.21829520575972,189258
2016/04/15,66.39087512879044,66.39087512879044,66.19087512879045,66.29087512879045,375258
2016/04/16,66.21378204191639,66.21378204191639,66.0137820419164,66.1137820419164,301258
2016/04/17,66.21378204191639,66.21378204191639,66.0137820419164,66.1137820419164,301258
2016/04/18,66.21378204191639,66.21378204191639,66.0137820419164,66.1137820419164,301258
2016/04/19,66.37263155579043,66.37263155579043,66.17263155579045,66.27263155579044,310748
2016/04/20,66.14417889947488,66.14417889947488,65.94417889947489,66.04417889947489,468748
2016/04/21,66.37447617499768,66.37447617499768,66.1744761749977,66.27447617499769,96748
2016/04/22,65.59054479346362,65.59054479346362,65.39054479346363,65.49054479346363,145748
2016/04/23,64.82477715766666,64.82477715766666,64.62477715766667,64.72477715766667,136748
2016/04/24,64.82477715766666,64.82477715766666,64.62477715766667,64.72477715766667,136748
2016/04/25,64.82477715766666,64.82477715766666,64.62477715766667,64.72477715766667,136748
2016/04/26,65.47260282836457,65.47260282836457,65.27260282836458,65.37260282836458,236748
2016/04/27,64.67459707417356,64.67459707417356,64.47459707417357,64.57459707417357,7748
2016/04/28,65.02990312255803,65.22990312255801,65.02990312255803,65.12990312255802,34252
2016/04/29,65.2506243126846,65.45062431268458,65.2506243126846,65.35062431268459,112252
2016/04/30,65.26132462107,65.46132462106999,65.26132462107,65.36132462107,58252
2016/05/01,65.26132462107,65.46132462106999,65.26132462107,65.36132462107,58252
2016/05/02,65.26132462107,65.46132462106999,65.26132462107,65.36132462107,58252
2016/05/03,65.26132462107,65.46132462106999,65.26132462107,65.36132462107,58252
2016/05/04,64.97432092709298,65.17432092709296,64.97432092709298,65.07432092709297,86252
2016/05/05,62.78328096904629,62.98328096904629,62.78328096904629,62.88328096904629,51252
2016/05/06,65.31362053785494,65.31362053785494,65.11362053785496,65.21362053785495,3748
2016/05/07,61.1076581471402,61.1076581471402,60.9076581471402,61.0076581471402,25748
2016/05/08,61.1076581471402,61.1076581471402,60.9076581471402,61.0076581471402,25748
2016/05/09,61.1076581471402,61.1076581471402,60.9076581471402,61.0076581471402,25748
2016/05/10,60.98351516229614,60.98351516229614,60.78351516229614,60.88351516229614,21748
2016/05/11,62.13462970740313,62.33462970740313,62.13462970740313,62.23462970740313,90252
2016/05/12,62.057677478023216,62.25767747802322,62.057677478023216,62.15767747802322,33252
2016/05/13,62.32036806243466,62.52036806243466,62.32036806243466,62.42036806243466,55252
2016/05/14,59.48924915946491,59.689249159464914,59.48924915946491,59.58924915946491,38252
2016/05/15,59.48924915946491,59.689249159464914,59.48924915946491,59.58924915946491,38252
2016/05/16,59.48924915946491,59.689249159464914,59.48924915946491,59.58924915946491,38252
2016/05/17,54.103127744506025,54.30312774450603,54.103127744506025,54.20312774450603,5252
2016/05/18,61.10066358974364,61.10066358974364,60.90066358974364,61.00066358974364,29748
2016/05/19,61.14796611434827,61.14796611434827,60.94796611434827,61.04796611434827,27748
2016/05/20,61.757606130516116,61.95760613051612,61.757606130516116,61.85760613051612,121252
2016/05/21,62.44670068055068,62.64670068055068,62.44670068055068,62.54670068055068,171252
2016/05/22,62.44670068055068,62.64670068055068,62.44670068055068,62.54670068055068,171252
2016/05/23,62.44670068055068,62.64670068055068,62.44670068055068,62.54670068055068,171252
2016/05/24,62.67017796870428,62.87017796870428,62.67017796870428,62.77017796870428,235252
2016/05/25,62.69799828964732,62.897998289647326,62.69799828964732,62.797998289647325,282252
2016/05/26,63.070518163354514,63.27051816335452,63.070518163354514,63.170518163354515,341252
2016/05/27,60.82242615394214,61.02242615394214,60.82242615394214,60.92242615394214,108252
2016/05/28,60.97469969736602,61.17469969736602,60.97469969736602,61.07469969736602,707252
2016/05/29,60.97469969736602,61.17469969736602,60.97469969736602,61.07469969736602,707252
2016/05/30,60.97469969736602,61.17469969736602,60.97469969736602,61.07469969736602,707252
2016/05/31,61.0037468804711,61.2037468804711,61.0037468804711,61.1037468804711,666252
2016/06/01,61.08079889326895,61.28079889326895,61.08079889326895,61.18079889326895,698252
2016/06/02,61.07210993464529,61.27210993464529,61.07210993464529,61.17210993464529,696252
2016/06/03,61.403610145046706,61.60361014504671,61.403610145046706,61.50361014504671,1283252
2016/06/04,61.64255083899752,61.842550838997525,61.64255083899752,61.74255083899752,1371252
2016/06/05,61.64255083899752,61.842550838997525,61.64255083899752,61.74255083899752,1371252
2016/06/06,61.64255083899752,61.842550838997525,61.64255083899752,61.74255083899752,1371252
2016/06/07,61.61173259327498,61.81173259327498,61.61173259327498,61.71173259327498,1302252
2016/06/08,61.476375625193754,61.67637562519376,61.476375625193754,61.576375625193755,1212252
2016/06/09,61.68050614019314,61.88050614019314,61.68050614019314,61.78050614019314,1301252
2016/06/10,61.68050614019314,61.88050614019314,61.68050614019314,61.78050614019314,1301252
2016/06/11,61.68050614019314,61.88050614019314,61.68050614019314,61.78050614019314,1301252
2016/06/12,61.68050614019314,61.88050614019314,61.68050614019314,61.78050614019314,1301252
2016/06/13,61.68050614019314,61.88050614019314,61.68050614019314,61.78050614019314,1301252
2016/06/14,61.464308871906276,61.66430887190628,61.464308871906276,61.56430887190628,1190252
2016/06/15,61.16648838183511,61.36648838183511,61.16648838183511,61.26648838183511,1551252
2016/06/16,60.90171735304517,61.101717353045174,60.90171735304517,61.00171735304517,2022252
2016/06/17,60.737859241778864,60.93785924177887,60.737859241778864,60.837859241778865,2398252
2016/06/18,60.48132804007061,60.68132804007061,60.48132804007061,60.58132804007061,3143252
2016/06/19,60.48132804007061,60.68132804007061,60.48132804007061,60.58132804007061,3143252
2016/06/20,60.48132804007061,60.68132804007061,60.48132804007061,60.58132804007061,3143252
2016/06/21,60.46956705481854,60.66956705481854,60.46956705481854,60.56956705481854,3333252
2016/06/22,60.60603092285666,60.806030922856664,60.60603092285666,60.70603092285666,3457252
2016/06/23,60.578366445464916,60.77836644546492,60.578366445464916,60.67836644546492,4584252
2016/06/24,60.569689537213,60.769689537213004,60.569689537213,60.669689537213,4573252
2016/06/25,60.52915023164357,60.72915023164357,60.52915023164357,60.62915023164357,5132252
2016/06/26,60.52915023164357,60.72915023164357,60.52915023164357,60.62915023164357,5132252
2016/06/27,60.52915023164357,60.72915023164357,60.52915023164357,60.62915023164357,5132252
2016/06/28,60.525614503437005,60.72561450343701,60.525614503437005,60.625614503437006,5045252
2016/06/29,60.3647479077581,60.564747907758104,60.3647479077581,60.4647479077581,4803252
2016/06/30,60.3463879900198,60.5463879900198,60.3463879900198,60.4463879900198,4666252
2016/07/01,60.32941020351624,60.52941020351624,60.32941020351624,60.42941020351624,4623252
2016/07/02,60.31792260008035,60.517922600080354,60.31792260008035,60.41792260008035,4630252
2016/07/03,60.31792260008035,60.517922600080354,60.31792260008035,60.41792260008035,4630252
2016/07/04,60.31792260008035,60.517922600080354,60.31792260008035,60.41792260008035,4630252
2016/07/05,60.312158143459754,60.51215814345976,60.312158143459754,60.412158143459756,4582252
2016/07/06,60.37852964736756,60.57852964736756,60.37852964736756,60.47852964736756,4888252
2016/07/07,60.3823183872952,60.5823183872952,60.3823183872952,60.4823183872952,4874252
2016/07/08,60.38154640274846,60.581546402748465,60.38154640274846,60.481546402748464,5005252
2016/07/09,60.38154640274846,60.581546402748465,60.38154640274846,60.481546402748464,5005252
2016/07/10,60.38154640274846,60.581546402748465,60.38154640274846,60.481546402748464,5005252
2016/07/11,60.38154640274846,60.581546402748465,60.38154640274846,60.481546402748464,5005252
2016/07/12,60.41999673158536,60.61999673158536,60.41999673158536,60.51999673158536,5218252
2016/07/13,60.40501428057306,60.605014280573066,60.40501428057306,60.505014280573064,5208252
2016/07/14,60.41109866567345,60.61109866567345,60.41109866567345,60.51109866567345,5188252
2016/07/15,60.43271916820546,60.63271916820546,60.43271916820546,60.53271916820546,5267252
2016/07/16,60.70232570194536,60.902325701945365,60.70232570194536,60.802325701945364,5854252
2016/07/17,60.70232570194536,60.902325701945365,60.70232570194536,60.802325701945364,5854252
2016/07/18,60.70232570194536,60.902325701945365,60.70232570194536,60.802325701945364,5854252
2016/07/19,62.33306547415228,62.53306547415228,62.33306547415228,62.43306547415228,10587252
2016/07/20,62.32212289794542,62.52212289794542,62.32212289794542,62.42212289794542,6831252
2016/07/21,62.3205881739302,62.5205881739302,62.3205881739302,62.4205881739302,6136252
2016/07/22,62.312696767980505,62.51269676798051,62.312696767980505,62.412696767980506,6264252
2016/07/23,62.31151504573137,62.51151504573137,62.31151504573137,62.41151504573137,6278605
2016/07/24,62.31151504573137,62.51151504573137,62.31151504573137,62.41151504573137,6278605
2016/07/25,62.31151504573137,62.51151504573137,62.31151504573137,62.41151504573137,6278605
2016/07/26,62.31144380308744,62.511443803087445,62.31144380308744,62.411443803087444,6152605
2016/07/27,62.3138353664519,62.5138353664519,62.3138353664519,62.4138353664519,6060605
2016/07/28,62.32006225553921,62.520062255539216,62.32006225553921,62.420062255539214,5934605
2016/07/29,62.32729932683393,62.52729932683393,62.32729932683393,62.42729932683393,5865605
2016/07/30,62.332807902322564,62.53280790232257,62.332807902322564,62.432807902322565,5789605
2016/07/31,62.332807902322564,62.53280790232257,62.332807902322564,62.432807902322565,5789605
2016/08/01,62.332807902322564,62.53280790232257,62.332807902322564,62.432807902322565,5789605
2016/08/02,62.32412661526382,62.524126615263825,62.32412661526382,62.42412661526382,5681605
2016/08/03,62.3107020281837,62.5107020281837,62.3107020281837,62.4107020281837,5520605
2016/08/04,62.31142719031787,62.511427190317875,62.31142719031787,62.41142719031787,5460605
2016/08/05,62.311123817610365,62.51112381761037,62.311123817610365,62.41112381761037,5156605
2016/08/06,62.312048682603034,62.51204868260304,62.312048682603034,62.412048682603036,5179605
2016/08/07,62.312048682603034,62.51204868260304,62.312048682603034,62.412048682603036,5179605
2016/08/08,62.312048682603034,62.51204868260304,62.312048682603034,62.412048682603036,5179605
2016/08/09,62.3206224158014,62.520622415801405,62.3206224158014,62.420622415801404,5008605
2016/08/10,62.303303231567874,62.50330323156788,62.303303231567874,62.403303231567875,5127605
2016/08/11,62.303514202468044,62.50351420246805,62.303514202468044,62.403514202468045,5116605
2016/08/12,62.300939607874156,62.50093960787416,62.300939607874156,62.40093960787416,5029510
2016/08/13,62.31041374140819,62.51041374140819,62.31041374140819,62.41041374140819,4961510
2016/08/14,62.31041374140819,62.51041374140819,62.31041374140819,62.41041374140819,4961510
2016/08/15,62.31041374140819,62.51041374140819,62.31041374140819,62.41041374140819,4961510
2016/08/16,62.30341253909486,62.50341253909486,62.30341253909486,62.40341253909486,4988510
2016/08/17,62.30039436554812,62.500394365548125,62.30039436554812,62.400394365548124,4996510
2016/08/18,62.30042125978131,62.50042125978131,62.30042125978131,62.40042125978131,4769510
2016/08/19,62.30040213014851,62.500402130148515,62.30040213014851,62.400402130148514,4705510
2016/08/20,62.299872464191814,62.49987246419182,62.299872464191814,62.399872464191816,4717510
2016/08/21,62.299872464191814,62.49987246419182,62.299872464191814,62.399872464191816,4717510
2016/08/22,62.299872464191814,62.49987246419182,62.299872464191814,62.399872464191816,4717510
2016/08/23,62.30000641526239,62.50000641526239,62.30000641526239,62.40000641526239,4600510
2016/08/24,62.29573100609603,62.49573100609603,62.29573100609603,62.39573100609603,4635510
2016/08/25,62.297123413025616,62.49712341302562,62.297123413025616,62.39712341302562,4588510
2016/08/26,62.28393400025917,62.483934000259175,62.28393400025917,62.383934000259174,4682000
2016/08/27,62.27954502078033,62.479545020780336,62.27954502078033,62.379545020780334,4740000
2016/08/28,62.27954502078033,62.479545020780336,62.27954502078033,62.379545020780334,4740000
2016/08/29,62.27954502078033,62.479545020780336,62.27954502078033,62.379545020780334,4740000
2016/08/30,62.3002114983435,62.5002114983435,62.3002114983435,62.4002114983435,4477000
2016/08/31,62.29642735478719,62.496427354787194,62.29642735478719,62.39642735478719,4529000
2016/09/01,62.23805797817659,62.438057978176595,62.23805797817659,62.33805797817659,4522000
2016/09/02,62.29368056036762,62.49368056036762,62.29368056036762,62.39368056036762,4433000
2016/09/03,62.29542790838063,62.495427908380634,62.29542790838063,62.39542790838063,4405000
2016/09/04,62.29542790838063,62.495427908380634,62.29542790838063,62.39542790838063,4405000
2016/09/05,62.29542790838063,62.495427908380634,62.29542790838063,62.39542790838063,4405000
2016/09/06,62.29629770700401,62.49629770700401,62.29629770700401,62.39629770700401,4340000
2016/09/07,62.29181728301925,62.49181728301925,62.29181728301925,62.39181728301925,4381000
2016/09/08,62.281078414685716,62.48107841468572,62.281078414685716,62.38107841468572,4432000
2016/09/09,62.28258950344293,62.48258950344293,62.28258950344293,62.38258950344293,4425000
2016/09/10,62.287012054044155,62.48701205404416,62.287012054044155,62.387012054044156,4363000
2016/09/11,62.287012054044155,62.48701205404416,62.287012054044155,62.387012054044156,4363000
2016/09/12,62.287012054044155,62.48701205404416,62.287012054044155,62.387012054044156,4363000
2016/09/13,62.28585360645918,62.48585360645918,62.28585360645918,62.38585360645918,4363000
2016/09/14,62.2818650871962,62.481865087196205,62.2818650871962,62.3818650871962,4365000
2016/09/15,62.2854058801519,62.4854058801519,62.2854058801519,62.3854058801519,4326000
2016/09/16,62.2854058801519,62.4854058801519,62.2854058801519,62.3854058801519,4326000
2016/09/17,62.2854058801519,62.4854058801519,62.2854058801519,62.3854058801519,4326000
2016/09/18,62.2854058801519,62.4854058801519,62.2854058801519,62.3854058801519,4326000
2016/09/19,62.2854058801519,62.4854058801519,62.2854058801519,62.3854058801519,4326000
2016/09/20,62.25271544001616,62.45271544001616,62.25271544001616,62.35271544001616,4347000
2016/09/21,62.22979126154183,62.42979126154183,62.22979126154183,62.32979126154183,4475000
2016/09/22,62.230321801182924,62.43032180118293,62.230321801182924,62.330321801182926,4351000
2016/09/23,62.23868729199355,62.43868729199355,62.23868729199355,62.33868729199355,4275000
2016/09/24,62.22394069648617,62.42394069648617,62.22394069648617,62.32394069648617,4385000
2016/09/25,62.22394069648617,62.42394069648617,62.22394069648617,62.32394069648617,4385000
2016/09/26,62.22394069648617,62.42394069648617,62.22394069648617,62.32394069648617,4385000
2016/09/27,62.21683345628892,62.41683345628892,62.21683345628892,62.31683345628892,4452000
2016/09/28,62.21683345628892,62.41683345628892,62.21683345628892,62.31683345628892,4452000
2016/09/29,62.21683345628892,62.41683345628892,62.21683345628892,62.31683345628892,4452000
2016/09/30,62.17634145796292,62.37634145796292,62.17634145796292,62.27634145796292,4474000
2016/10/01,62.21490268642858,62.41490268642858,62.21490268642858,62.31490268642858,4462000
2016/10/02,62.21490268642858,62.41490268642858,62.21490268642858,62.31490268642858,4462000
2016/10/03,62.21490268642858,62.41490268642858,62.21490268642858,62.31490268642858,4462000
2016/10/04,62.21416465125607,62.41416465125607,62.21416465125607,62.31416465125607,4444000
2016/10/05,62.216789754001844,62.41678975400185,62.216789754001844,62.316789754001846,4422000
2016/10/06,62.21910280878117,62.419102808781176,62.21910280878117,62.319102808781174,4387000
2016/10/07,62.21851816306818,62.418518163068185,62.21851816306818,62.318518163068184,4362000
2016/10/08,62.219008725818,62.419008725818,62.219008725818,62.319008725818,4372000
2016/10/09,62.219008725818,62.419008725818,62.219008725818,62.319008725818,4372000
2016/10/10,62.219008725818,62.419008725818,62.219008725818,62.319008725818,4372000
2016/10/11,62.219008725818,62.419008725818,62.219008725818,62.319008725818,4372000
2016/10/12,62.26911796980081,62.46911796980081,62.26911796980081,62.36911796980081,3797000
2016/10/13,62.2736199932492,62.4736199932492,62.2736199932492,62.3736199932492,3897000
2016/10/14,62.274021395839945,62.47402139583995,62.274021395839945,62.37402139583995,3881000
2016/10/15,62.275909961920696,62.4759099619207,62.275909961920696,62.3759099619207,3896000
2016/10/16,62.275909961920696,62.4759099619207,62.275909961920696,62.3759099619207,3896000
2016/10/17,62.275909961920696,62.4759099619207,62.275909961920696,62.3759099619207,3896000
2016/10/18,62.29056774717794,62.49056774717794,62.29056774717794,62.39056774717794,3306000
2016/10/19,62.290398265973515,62.49039826597352,62.290398265973515,62.390398265973516,3325000
2016/10/20,62.289845834921834,62.48984583492184,62.289845834921834,62.389845834921836,2638000
2016/10/21,62.290404319712295,62.4904043197123,62.290404319712295,62.390404319712296,1720000
2016/10/22,62.290831518505655,62.49083151850566,62.290831518505655,62.39083151850566,1105000
2016/10/23,62.290831518505655,62.49083151850566,62.290831518505655,62.39083151850566,1105000
2016/10/24,62.290831518505655,62.49083151850566,62.290831518505655,62.39083151850566,1105000
2016/10/25,62.29029647966718,62.49029647966718,62.29029647966718,62.39029647966718,1090000
2016/10/26,62.35005286042676,62.55005286042676,62.35005286042676,62.45005286042676,710000
2016/10/27,62.86864733965042,63.068647339650425,62.86864733965042,62.968647339650424,274000
2016/10/28,67.29365769975465,67.29365769975465,67.09365769975466,67.19365769975465,340000
2016/10/29,66.07792166247118,66.07792166247118,65.8779216624712,65.97792166247119,1111000
2016/10/30,66.07792166247118,66.07792166247118,65.8779216624712,65.97792166247119,1111000
2016/10/31,66.07792166247118,66.07792166247118,65.8779216624712,65.97792166247119,1111000
2016/11/01,65.62434561343676,65.62434561343676,65.42434561343677,65.52434561343676,1298000
2016/11/02,65.63050893920054,65.63050893920054,65.43050893920055,65.53050893920054,1277000
2016/11/03,64.67959401736552,64.67959401736552,64.47959401736553,64.57959401736552,2390000
2016/11/04,64.67959401736552,64.67959401736552,64.47959401736553,64.57959401736552,2329000
2016/11/05,64.14367578119244,64.14367578119244,63.94367578119245,64.04367578119245,2881000
2016/11/06,64.14367578119244,64.14367578119244,63.94367578119245,64.04367578119245,2881000
2016/11/07,64.14367578119244,64.14367578119244,63.94367578119245,64.04367578119245,2881000
2016/11/08,64.22198288275136,64.22198288275136,64.02198288275137,64.12198288275137,2683000
2016/11/09,64.22090840404472,64.22090840404472,64.02090840404473,64.12090840404473,2642000
2016/11/10,64.33481792178058,64.33481792178058,64.1348179217806,64.23481792178059,2973000
2016/11/11,64.31065501086672,64.31065501086672,64.11065501086674,64.21065501086673,2881000
2016/11/12,64.27666186977322,64.27666186977322,64.07666186977323,64.17666186977323,2757000
2016/11/13,64.27666186977322,64.27666186977322,64.07666186977323,64.17666186977323,2757000
2016/11/14,64.27666186977322,64.27666186977322,64.07666186977323,64.17666186977323,2757000
2016/11/15,64.30795220487865,64.30795220487865,64.10795220487866,64.20795220487865,2749000
2016/11/16,64.11615712002643,64.11615712002643,63.91615712002643,64.01615712002643,2997000
2016/11/17,64.20669609326855,64.20669609326855,64.00669609326856,64.10669609326855,3179000
2016/11/18,64.13119786202017,64.13119786202017,63.93119786202018,64.03119786202018,3485000
2016/11/19,63.99399882017076,63.99399882017076,63.793998820170756,63.89399882017076,3571000
2016/11/20,63.99399882017076,63.99399882017076,63.793998820170756,63.89399882017076,3571000
2016/11/21,63.99399882017076,63.99399882017076,63.793998820170756,63.89399882017076,3571000
2016/11/22,63.985217099492715,63.985217099492715,63.78521709949271,63.88521709949271,3662000
2016/11/23,63.996036635541074,63.996036635541074,63.79603663554107,63.89603663554107,3254000
2016/11/24,63.86784728871214,63.86784728871214,63.66784728871214,63.76784728871214,3422000
2016/11/25,63.67350888385126,63.67350888385126,63.47350888385126,63.57350888385126,3888000
2016/11/26,62.90703280366466,62.90703280366466,62.70703280366466,62.80703280366466,8515000
2016/11/27,62.90703280366466,62.90703280366466,62.70703280366466,62.80703280366466,8515000
2016/11/28,62.90703280366466,62.90703280366466,62.70703280366466,62.80703280366466,8515000
2016/11/29,63.43314407186027,63.43314407186027,63.233144071860266,63.33314407186027,4610902
2016/11/30,63.63677625159028,63.63677625159028,63.436776251590274,63.536776251590275,3813902
2016/12/01,63.62636393147436,63.62636393147436,63.426363931474356,63.52636393147436,3929902
2016/12/02,63.62537711456008,63.62537711456008,63.42537711456008,63.52537711456008,2613902
2016/12/03,63.80802624170916,63.80802624170916,63.608026241709155,63.708026241709156,2558902
2016/12/04,63.80802624170916,63.80802624170916,63.608026241709155,63.708026241709156,2558902
2016/12/05,63.80802624170916,63.80802624170916,63.608026241709155,63.708026241709156,2558902
2016/12/06,63.884676789725034,63.884676789725034,63.68467678972503,63.78467678972503,2521902
2016/12/07,63.93087305924274,63.93087305924274,63.73087305924274,63.83087305924274,2292902
2016/12/08,63.947574528783626,63.947574528783626,63.74757452878362,63.847574528783625,1970902
2016/12/09,63.964838902424596,63.964838902424596,63.76483890242459,63.864838902424594,863902
2016/12/10,64.06901677653944,64.06901677653944,63.869016776539446,63.96901677653945,369902
2016/12/11,64.06901677653944,64.06901677653944,63.869016776539446,63.96901677653945,369902
2016/12/12,64.06901677653944,64.06901677653944,63.869016776539446,63.96901677653945,369902
2016/12/13,73.95592690545942,74.15592690545941,73.95592690545942,74.05592690545942,826098
2016/12/14,72.87407831688512,73.0740783168851,72.87407831688512,72.97407831688511,691098
2016/12/15,72.89458251433103,73.09458251433102,72.89458251433103,72.99458251433103,784098
2016/12/16,72.59756845477263,72.79756845477262,72.59756845477263,72.69756845477262,368098
2016/12/17,77.13970844103976,77.33970844103975,77.13970844103976,77.23970844103975,107098
2016/12/18,77.13970844103976,77.33970844103975,77.13970844103976,77.23970844103975,107098
2016/12/19,77.13970844103976,77.33970844103975,77.13970844103976,77.23970844103975,107098
2016/12/20,72.13259418678793,72.33259418678792,72.13259418678793,72.23259418678792,308098
2016/12/21,72.10235206113745,72.30235206113744,72.10235206113745,72.20235206113745,274098
2016/12/22,73.50737193609203,73.70737193609202,73.50737193609203,73.60737193609202,524098
2016/12/23,73.50737193609203,73.70737193609202,73.50737193609203,73.60737193609202,328098
2016/12/24,59.45690080399052,59.45690080399052,59.25690080399052,59.35690080399052,91902
2016/12/25,59.45690080399052,59.45690080399052,59.25690080399052,59.35690080399052,91902
2016/12/26,59.45690080399052,59.45690080399052,59.25690080399052,59.35690080399052,91902
2016/12/27,65.94951090642724,65.94951090642724,65.74951090642725,65.84951090642724,250902
2016/12/28,69.11348316539768,69.11348316539768,68.9134831653977,69.01348316539769,321902
2016/12/29,70.64120075895835,70.64120075895835,70.44120075895836,70.54120075895835,770902
2016/12/30,70.65140740887534,70.65140740887534,70.45140740887535,70.55140740887535,284902
2016/12/31,70.54850507179412,70.54850507179412,70.34850507179414,70.44850507179413,238902
2017/01/01,70.54850507179412,70.54850507179412,70.34850507179414,70.44850507179413,238902
2017/01/02,70.54850507179412,70.54850507179412,70.34850507179414,70.44850507179413,238902
2017/01/03,70.54850507179412,70.54850507179412,70.34850507179414,70.44850507179413,238902
2017/01/04,70.57777648130305,70.57777648130305,70.37777648130306,70.47777648130305,80902
2017/01/05,71.36501717961947,71.36501717961947,71.16501717961948,71.26501717961948,501902
2017/01/06,74.0706746863005,74.2706746863005,74.0706746863005,74.1706746863005,458098
2017/01/07,73.57442487345214,73.77442487345213,73.57442487345214,73.67442487345214,1407098
2017/01/08,73.57442487345214,73.77442487345213,73.57442487345214,73.67442487345214,1407098
2017/01/09,73.57442487345214,73.77442487345213,73.57442487345214,73.67442487345214,1407098
2017/01/10,73.55321945825054,73.75321945825053,73.55321945825054,73.65321945825053,1666098
2017/01/11,73.545215892021,73.745215892021,73.545215892021,73.645215892021,1630098
2017/01/12,73.44462093677897,73.64462093677896,73.44462093677897,73.54462093677897,1516098
2017/01/13,73.41613917024658,73.61613917024657,73.41613917024658,73.51613917024657,1199098
2017/01/14,73.40293265239767,73.60293265239766,73.40293265239767,73.50293265239766,55098
2017/01/15,73.40293265239767,73.60293265239766,73.40293265239767,73.50293265239766,55098
2017/01/16,73.40293265239767,73.60293265239766,73.40293265239767,73.50293265239766,55098
2017/01/17,72.44950190629554,72.44950190629554,72.24950190629555,72.34950190629554,99902
2017/01/18,72.86973326252796,72.86973326252796,72.66973326252797,72.76973326252796,395902
2017/01/19,73.00823471699316,73.00823471699316,72.80823471699317,72.90823471699316,1237902
2017/01/20,72.98173637040992,72.98173637040992,72.78173637040993,72.88173637040993,1486902
2017/01/21,72.97434864012087,72.97434864012087,72.77434864012088,72.87434864012087,1453902
2017/01/22,72.97434864012087,72.97434864012087,72.77434864012088,72.87434864012087,1453902
2017/01/23,72.97434864012087,72.97434864012087,72.77434864012088,72.87434864012087,1453902
2017/01/24,73.00644037642307,73.00644037642307,72.80644037642308,72.90644037642308,1560902
2017/01/25,73.01179989029077,73.01179989029077,72.81179989029079,72.91179989029078,1554902
2017/01/26,73.01179989029077,73.01179989029077,72.81179989029079,72.91179989029078,1554902
2017/01/27,73.01179989029077,73.01179989029077,72.81179989029079,72.91179989029078,1554902
2017/01/28,73.01179989029077,73.01179989029077,72.81179989029079,72.91179989029078,1554902
2017/01/29,73.01179989029077,73.01179989029077,72.81179989029079,72.91179989029078,1554902
2017/01/30,73.01179989029077,73.01179989029077,72.81179989029079,72.91179989029078,1554902
2017/01/31,73.01179989029077,73.01179989029077,72.81179989029079,72.91179989029078,1554902
2017/02/01,73.01179989029077,73.01179989029077,72.81179989029079,72.91179989029078,1554902
2017/02/02,73.01179989029077,73.01179989029077,72.81179989029079,72.91179989029078,1554902
2017/02/03,73.0000554069919,73.0000554069919,72.80005540699192,72.90005540699191,1458902
2017/02/04,73.09673025834628,73.09673025834628,72.8967302583463,72.99673025834629,1632902
2017/02/05,73.09673025834628,73.09673025834628,72.8967302583463,72.99673025834629,1632902
2017/02/06,73.09673025834628,73.09673025834628,72.8967302583463,72.99673025834629,1632902
2017/02/07,73.10067032888155,73.10067032888155,72.90067032888156,73.00067032888155,1575902
2017/02/08,73.0811842188497,73.0811842188497,72.88118421884971,72.9811842188497,862902
2017/02/09,73.13372052722816,73.13372052722816,72.93372052722818,73.03372052722817,695902
2017/02/10,73.11051914012333,73.11051914012333,72.91051914012334,73.01051914012334,805902
2017/02/11,80.46968772471668,80.66968772471667,80.46968772471668,80.56968772471667,674098
2017/02/12,80.46968772471668,80.66968772471667,80.46968772471668,80.56968772471667,674098
2017/02/13,80.46968772471668,80.66968772471667,80.46968772471668,80.56968772471667,674098
2017/02/14,79.29088670221884,79.49088670221883,79.29088670221884,79.39088670221884,1178098
2017/02/15,79.01090502201396,79.21090502201395,79.01090502201396,79.11090502201395,1349098
2017/02/16,78.68257868645455,78.88257868645454,78.68257868645455,78.78257868645454,2156098
2017/02/17,78.6579317579306,78.85793175793059,78.6579317579306,78.75793175793059,2250098
2017/02/18,78.60785941125474,78.80785941125473,78.60785941125474,78.70785941125473,2286098
2017/02/19,78.60785941125474,78.80785941125473,78.60785941125474,78.70785941125473,2286098
2017/02/20,78.60785941125474,78.80785941125473,78.60785941125474,78.70785941125473,2286098
2017/02/21,78.53288664182149,78.73288664182148,78.53288664182149,78.63288664182149,904098
2017/02/22,70.56838090595289,70.56838090595289,70.3683809059529,70.4683809059529,796902
2017/02/23,70.66547772648566,70.66547772648566,70.46547772648567,70.56547772648567,736902
2017/02/24,71.00490779294613,71.00490779294613,70.80490779294614,70.90490779294613,619902
2017/02/25,92.54567888333162,92.7456788833316,92.54567888333162,92.64567888333161,126098
2017/02/26,92.54567888333162,92.7456788833316,92.54567888333162,92.64567888333161,126098
2017/02/27,92.54567888333162,92.7456788833316,92.54567888333162,92.64567888333161,126098
2017/02/28,92.54567888333162,92.7456788833316,92.54567888333162,92.64567888333161,126098
2017/03/01,92.54567888333162,92.7456788833316,92.54567888333162,92.64567888333161,126098
2017/03/02,67.1660479219986,67.1660479219986,66.96604792199861,67.0660479219986,374902
2017/03/03,67.19244296061079,67.19244296061079,66.9924429606108,67.0924429606108,390902
2017/03/04,66.96483388617551,66.96483388617551,66.76483388617552,66.86483388617552,268902
2017/03/05,66.96483388617551,66.96483388617551,66.76483388617552,66.86483388617552,268902
2017/03/06,66.96483388617551,66.96483388617551,66.76483388617552,66.86483388617552,268902
2017/03/07,73.9746639781439,74.17466397814388,73.9746639781439,74.07466397814389,519098
2017/03/08,74.69977139719329,74.89977139719328,74.69977139719329,74.79977139719328,1596098
2017/03/09,74.819838527594,75.01983852759399,74.819838527594,74.919838527594,2062098
2017/03/10,74.8186205567588,75.01862055675879,74.8186205567588,74.9186205567588,845098
2017/03/11,74.81468955320048,75.01468955320047,74.81468955320048,74.91468955320047,872098
2017/03/12,74.81468955320048,75.01468955320047,74.81468955320048,74.91468955320047,872098
2017/03/13,74.81468955320048,75.01468955320047,74.81468955320048,74.91468955320047,872098
2017/03/14,74.8192356905563,75.01923569055629,74.8192356905563,74.91923569055629,804098
2017/03/15,74.3835059842215,74.58350598422149,74.3835059842215,74.4835059842215,1162098
2017/03/16,73.97994455542975,74.17994455542974,73.97994455542975,74.07994455542975,1288098
2017/03/17,73.471764081709,73.67176408170899,73.471764081709,73.57176408170899,1554098
2017/03/18,73.45942187396598,73.65942187396597,73.45942187396598,73.55942187396597,1502098
2017/03/19,73.45942187396598,73.65942187396597,73.45942187396598,73.55942187396597,1502098
2017/03/20,73.45942187396598,73.65942187396597,73.45942187396598,73.55942187396597,1502098
2017/03/21,73.44805889757801,73.648058897578,73.44805889757801,73.548058897578,1477098
2017/03/22,73.39521019134894,73.59521019134893,73.39521019134894,73.49521019134893,1421098
2017/03/23,73.4057891905344,73.6057891905344,73.4057891905344,73.5057891905344,1410098
2017/03/24,73.30059675729395,73.50059675729393,73.30059675729395,73.40059675729394,1266098
2017/03/25,73.25596859478259,73.45596859478258,73.25596859478259,73.35596859478258,1224098
2017/03/26,73.25596859478259,73.45596859478258,73.25596859478259,73.35596859478258,1224098
2017/03/27,73.25596859478259,73.45596859478258,73.25596859478259,73.35596859478258,1224098
2017/03/28,73.5144297003862,73.71442970038619,73.5144297003862,73.6144297003862,1494098
2017/03/29,73.4381037225453,73.6381037225453,73.4381037225453,73.5381037225453,1373098
2017/03/30,73.16644340198158,73.36644340198157,73.16644340198158,73.26644340198158,1433098
2017/03/31,73.19447006130108,73.39447006130106,73.19447006130108,73.29447006130107,1453098
2017/04/01,73.18436239318753,73.38436239318752,73.18436239318753,73.28436239318752,1442098
2017/04/02,73.18436239318753,73.38436239318752,73.18436239318753,73.28436239318752,1442098
2017/04/03,73.18436239318753,73.38436239318752,73.18436239318753,73.28436239318752,1442098
2017/04/04,73.18436239318753,73.38436239318752,73.18436239318753,73.28436239318752,1442098
2017/04/05,73.18436239318753,73.38436239318752,73.18436239318753,73.28436239318752,1442098
2017/04/06,73.31312007050741,73.5131200705074,73.31312007050741,73.4131200705074,1686098
2017/04/07,73.39777979050568,73.59777979050567,73.39777979050568,73.49777979050567,1837098
2017/04/08,73.33898877451456,73.53898877451455,73.33898877451456,73.43898877451456,1166098
2017/04/09,73.33898877451456,73.53898877451455,73.33898877451456,73.43898877451456,1166098
2017/04/10,73.33898877451456,73.53898877451455,73.33898877451456,73.43898877451456,1166098
2017/04/11,73.3594880741588,73.55948807415879,73.3594880741588,73.4594880741588,768098
2017/04/12,72.98253373578324,73.18253373578322,72.98253373578324,73.08253373578323,424098
2017/04/13,72.97777704429349,73.17777704429348,72.97777704429349,73.07777704429348,401098
2017/04/14,72.82403322503221,73.0240332250322,72.82403322503221,72.9240332250322,458098
2017/04/15,72.80764904876669,73.00764904876668,72.80764904876669,72.90764904876669,350098
2017/04/16,72.80764904876669,73.00764904876668,72.80764904876669,72.90764904876669,350098
2017/04/17,72.80764904876669,73.00764904876668,72.80764904876669,72.90764904876669,350098
2017/04/18,72.6930183680554,72.8930183680554,72.6930183680554,72.7930183680554,272000
2017/04/19,72.52434686937475,72.72434686937474,72.52434686937475,72.62434686937475,143000
2017/04/20,72.5647996043524,72.76479960435239,72.5647996043524,72.6647996043524,85000
2017/04/21,71.42009015827546,71.42009015827546,71.22009015827547,71.32009015827546,1283000
2017/04/22,71.5739252100307,71.5739252100307,71.3739252100307,71.4739252100307,1151000
2017/04/23,71.5739252100307,71.5739252100307,71.3739252100307,71.4739252100307,1151000
2017/04/24,71.5739252100307,71.5739252100307,71.3739252100307,71.4739252100307,1151000
2017/04/25,71.60049036854127,71.60049036854127,71.40049036854128,71.50049036854128,1143000
2017/04/26,71.37590478356795,71.37590478356795,71.17590478356796,71.27590478356795,1229000
2017/04/27,71.42495084682194,71.42495084682194,71.22495084682195,71.32495084682195,1117000
2017/04/28,71.81266524438959,71.81266524438959,71.6126652443896,71.7126652443896,2268000
2017/04/29,71.81693251288446,71.81693251288446,71.61693251288447,71.71693251288447,2544000
2017/04/30,71.81693251288446,71.81693251288446,71.61693251288447,71.71693251288447,2544000
2017/05/01,71.81693251288446,71.81693251288446,71.61693251288447,71.71693251288447,2544000
2017/05/02,71.81693251288446,71.81693251288446,71.61693251288447,71.71693251288447,2544000
2017/05/03,72.35595709305757,72.35595709305757,72.15595709305758,72.25595709305757,3241000
2017/05/04,72.29093967000932,72.29093967000932,72.09093967000933,72.19093967000933,3007000
2017/05/05,72.24432182136431,72.24432182136431,72.04432182136432,72.14432182136431,2864000
2017/05/06,71.81199574453223,71.81199574453223,71.61199574453224,71.71199574453223,2760000
2017/05/07,71.81199574453223,71.81199574453223,71.61199574453224,71.71199574453223,2760000
2017/05/08,71.81199574453223,71.81199574453223,71.61199574453224,71.71199574453223,2760000
2017/05/09,71.85828350628124,71.85828350628124,71.65828350628125,71.75828350628124,2471000
2017/05/10,71.77791118249563,71.77791118249563,71.57791118249564,71.67791118249563,2757872
2017/05/11,71.77469196728316,71.77469196728316,71.57469196728317,71.67469196728317,2762872
2017/05/12,71.80469449749646,71.80469449749646,71.60469449749647,71.70469449749646,2873872
2017/05/13,65.41819017825286,65.41819017825286,65.21819017825287,65.31819017825286,2704872
2017/05/14,65.41819017825286,65.41819017825286,65.21819017825287,65.31819017825286,2704872
2017/05/15,65.41819017825286,65.41819017825286,65.21819017825287,65.31819017825286,2704872
2017/05/16,71.66151201077368,71.66151201077368,71.46151201077369,71.56151201077368,2283872
2017/05/17,71.59172011737164,71.59172011737164,71.39172011737165,71.49172011737164,21872
2017/05/18,70.14719412673416,70.34719412673415,70.14719412673416,70.24719412673416,1750128
2017/05/19,70.62913632388572,70.8291363238857,70.62913632388572,70.72913632388571,4738128
2017/05/20,70.64356839109317,70.84356839109316,70.64356839109317,70.74356839109316,6223128
2017/05/21,70.64356839109317,70.84356839109316,70.64356839109317,70.74356839109316,6223128
2017/05/22,70.64356839109317,70.84356839109316,70.64356839109317,70.74356839109316,6223128
2017/05/23,70.70346599500792,70.9034659950079,70.70346599500792,70.80346599500791,8057750
2017/05/24,70.71256828975119,70.91256828975118,70.71256828975119,70.81256828975118,8873750
2017/05/25,70.73388773073958,70.93388773073957,70.73388773073958,70.83388773073958,10305750
2017/05/26,70.8346932192903,71.03469321929029,70.8346932192903,70.9346932192903,11105750
2017/05/27,70.75854660426768,70.95854660426767,70.75854660426768,70.85854660426767,11094750
2017/05/28,70.75854660426768,70.95854660426767,70.75854660426768,70.85854660426767,11094750
2017/05/29,70.75854660426768,70.95854660426767,70.75854660426768,70.85854660426767,11094750
2017/05/30,70.75854660426768,70.95854660426767,70.75854660426768,70.85854660426767,11094750
2017/05/31,70.75854660426768,70.95854660426767,70.75854660426768,70.85854660426767,11094750
2017/06/01,71.05017002436745,71.25017002436743,71.05017002436745,71.15017002436744,14099750
2017/06/02,71.1115090961295,71.31150909612948,71.1115090961295,71.21150909612949,16411750
2017/06/03,71.03795367514608,71.23795367514607,71.03795367514608,71.13795367514608,17985750
2017/06/04,71.03795367514608,71.23795367514607,71.03795367514608,71.13795367514608,17985750
2017/06/05,71.03795367514608,71.23795367514607,71.03795367514608,71.13795367514608,17985750
2017/06/06,71.0880004530811,71.28800045308108,71.0880004530811,71.18800045308109,20568750
2017/06/07,71.10467641355578,71.30467641355577,71.10467641355578,71.20467641355577,23952520
2017/06/08,71.14770980722408,71.34770980722406,71.14770980722408,71.24770980722407,25672520
2017/06/09,71.1835902619733,71.38359026197328,71.1835902619733,71.28359026197329,27628520
2017/06/10,71.2283984767309,71.42839847673089,71.2283984767309,71.3283984767309,30109520
2017/06/11,71.2283984767309,71.42839847673089,71.2283984767309,71.3283984767309,30109520
2017/06/12,71.2283984767309,71.42839847673089,71.2283984767309,71.3283984767309,30109520
2017/06/13,71.25234104424347,71.45234104424345,71.25234104424347,71.35234104424346,31569520
2017/06/14,71.2523800399492,71.45238003994919,71.2523800399492,71.3523800399492,31515520
2017/06/15,71.26436948278689,71.46436948278688,71.26436948278689,71.36436948278688,31887520
2017/06/16,71.26235659624066,71.46235659624065,71.26235659624066,71.36235659624066,31660520
2017/06/17,71.26050993235282,71.4605099323528,71.26050993235282,71.36050993235281,31612520
2017/06/18,71.26050993235282,71.4605099323528,71.26050993235282,71.36050993235281,31612520
2017/06/19,71.26050993235282,71.4605099323528,71.26050993235282,71.36050993235281,31612520
2017/06/20,71.2739309787544,71.47393097875438,71.2739309787544,71.37393097875439,31706520
2017/06/21,71.26189695542425,71.46189695542424,71.26189695542425,71.36189695542424,31661520
2017/06/22,71.26779059001395,71.46779059001393,71.26779059001395,71.36779059001394,31700520
2017/06/23,71.31953931449227,71.51953931449226,71.31953931449227,71.41953931449227,33053520
2017/06/24,71.37957058396526,71.57957058396525,71.37957058396526,71.47957058396526,34689520
2017/06/25,71.37957058396526,71.57957058396525,71.37957058396526,71.47957058396526,34689520
2017/06/26,71.37957058396526,71.57957058396525,71.37957058396526,71.47957058396526,34689520
2017/06/27,71.5600342608859,71.76003426088589,71.5600342608859,71.6600342608859,35216520
2017/06/28,71.72696892248726,71.92696892248725,71.72696892248726,71.82696892248725,36534520
2017/06/29,71.91762883805951,72.1176288380595,71.91762883805951,72.01762883805951,38662520
2017/06/30,71.95657221980969,72.15657221980968,71.95657221980969,72.05657221980968,37886520
2017/07/01,71.95680401193253,72.15680401193252,71.95680401193253,72.05680401193253,37826520
2017/07/02,71.95680401193253,72.15680401193252,71.95680401193253,72.05680401193253,37826520
2017/07/03,71.95680401193253,72.15680401193252,71.95680401193253,72.05680401193253,37826520
2017/07/04,72.0955090189956,72.29550901899559,72.0955090189956,72.1955090189956,39447520
2017/07/05,72.19196029078266,72.39196029078265,72.19196029078266,72.29196029078265,42668520
2017/07/06,72.26678155044912,72.46678155044911,72.26678155044912,72.36678155044912,46295520
2017/07/07,72.29505508938175,72.49505508938174,72.29505508938175,72.39505508938174,46600520
2017/07/08,72.31067688571206,72.51067688571204,72.31067688571206,72.41067688571205,46650520
2017/07/09,72.31067688571206,72.51067688571204,72.31067688571206,72.41067688571205,46650520
2017/07/10,72.31067688571206,72.51067688571204,72.31067688571206,72.41067688571205,46650520
2017/07/11,72.32474824130183,72.52474824130182,72.32474824130183,72.42474824130183,45940520
2017/07/12,72.39404762053731,72.5940476205373,72.39404762053731,72.4940476205373,47744520
2017/07/13,72.40819693486512,72.6081969348651,72.40819693486512,72.50819693486511,47961520
2017/07/14,72.64893933537728,72.84893933537727,72.64893933537728,72.74893933537727,50173520
2017/07/15,72.9368390499064,73.13683904990638,72.9368390499064,73.03683904990639,53383520
2017/07/16,72.9368390499064,73.13683904990638,72.9368390499064,73.03683904990639,53383520
2017/07/17,72.9368390499064,73.13683904990638,72.9368390499064,73.03683904990639,53383520
2017/07/18,73.57875332341287,73.77875332341286,73.57875332341287,73.67875332341286,61696520
2017/07/19,73.57309290389689,73.77309290389688,73.57309290389689,73.67309290389689,57278520
2017/07/20,73.53298399146051,73.7329839914605,73.53298399146051,73.6329839914605,56708520
2017/07/21,73.53271586833614,73.73271586833613,73.53271586833614,73.63271586833613,56596520
2017/07/22,73.53224868548133,73.73224868548132,73.53224868548133,73.63224868548133,56494520
2017/07/23,73.53224868548133,73.73224868548132,73.53224868548133,73.63224868548133,56494520
2017/07/24,73.53224868548133,73.73224868548132,73.53224868548133,73.63224868548133,56494520
2017/07/25,73.53210076041888,73.73210076041887,73.53210076041888,73.63210076041888,55771520
2017/07/26,73.53502822708435,73.73502822708434,73.53502822708435,73.63502822708435,55606520
2017/07/27,73.54426248261076,73.74426248261075,73.54426248261076,73.64426248261076,54973520
2017/07/28,73.54485499781057,73.74485499781056,73.54485499781057,73.64485499781057,55076520
2017/07/29,73.54455027764796,73.74455027764795,73.54455027764796,73.64455027764795,54987520
2017/07/30,73.54455027764796,73.74455027764795,73.54455027764796,73.64455027764795,54987520
2017/07/31,73.54455027764796,73.74455027764795,73.54455027764796,73.64455027764795,54987520
2017/08/01,73.54471649144607,73.74471649144606,73.54471649144607,73.64471649144606,54923520
2017/08/02,73.54387915604993,73.74387915604991,73.54387915604993,73.64387915604992,54891520
2017/08/03,73.54291711678987,73.74291711678985,73.54291711678987,73.64291711678986,54812520
2017/08/04,73.54291711678987,73.74291711678985,73.54291711678987,73.64291711678986,54488520
2017/08/05,73.54135991054564,73.74135991054563,73.54135991054564,73.64135991054563,53445520
2017/08/06,73.54135991054564,73.74135991054563,73.54135991054564,73.64135991054563,53445520
2017/08/07,73.54135991054564,73.74135991054563,73.54135991054564,73.64135991054563,53445520
2017/08/08,73.54126199346769,73.74126199346767,73.54126199346769,73.64126199346768,51829520
2017/08/09,73.54804785593625,73.74804785593624,73.54804785593625,73.64804785593624,49982520
2017/08/10,73.5477598995216,73.74775989952158,73.5477598995216,73.64775989952159,48210520
2017/08/11,73.5477598995216,73.74775989952158,73.5477598995216,73.64775989952159,46484520
2017/08/12,73.54887778590322,73.7488777859032,73.54887778590322,73.64887778590321,46406520
2017/08/13,73.54887778590322,73.7488777859032,73.54887778590322,73.64887778590321,46406520
2017/08/14,73.54887778590322,73.7488777859032,73.54887778590322,73.64887778590321,46406520
2017/08/15,73.54881469966074,73.74881469966073,73.54881469966074,73.64881469966073,46386520
2017/08/16,73.5344715543847,73.73447155438468,73.5344715543847,73.63447155438469,45417520
2017/08/17,73.51603125625172,73.71603125625171,73.51603125625172,73.61603125625172,44118520
2017/08/18,73.51648993704104,73.71648993704103,73.51648993704104,73.61648993704104,41877520
2017/08/19,73.51621466356674,73.71621466356673,73.51621466356674,73.61621466356674,39774520
2017/08/20,73.51621466356674,73.71621466356673,73.51621466356674,73.61621466356674,39774520
2017/08/21,73.51621466356674,73.71621466356673,73.51621466356674,73.61621466356674,39774520
2017/08/22,73.51753483834011,73.7175348383401,73.51753483834011,73.6175348383401,37636520
